# Solver information
# Time        	U_solver      	Ux_initial    	Ux_final      	Ux_iters      	Uy_initial    	Uy_final      	Uy_iters      	Uz_initial    	Uz_final      	Uz_iters      	U_converged   	p_solver      	p_initial     	p_final       	p_iters       	p_converged   
1             	smoothSolver	2.214430e-01	6.494620e-03	2	2.178890e-01	6.278580e-03	2	1.000000e+00	9.909450e-02	2	false	GAMG	1.000000e+00	9.941020e-02	179	true
2             	smoothSolver	4.073020e-01	4.067100e-02	4	4.066620e-01	4.051380e-02	4	1.372180e-01	1.130970e-02	4	false	GAMG	9.275890e-03	9.257870e-04	68	true
3             	smoothSolver	2.926380e-01	2.619520e-02	4	2.925930e-01	2.625630e-02	4	7.214130e-02	5.250140e-03	5	false	GAMG	7.665160e-03	7.297330e-04	107	true
4             	smoothSolver	2.067620e-01	1.738550e-02	4	2.080160e-01	1.742660e-02	4	4.503630e-02	3.710410e-03	5	false	GAMG	6.715580e-03	6.408350e-04	113	true
5             	smoothSolver	1.350220e-01	1.108260e-02	4	1.352550e-01	1.104110e-02	4	3.234820e-02	2.691970e-03	5	false	GAMG	5.332790e-03	5.332260e-04	556	true
6             	smoothSolver	9.283680e-02	8.437050e-03	4	9.311620e-02	8.453340e-03	4	2.398480e-02	2.113000e-03	5	false	GAMG	4.339570e-03	4.138080e-04	109	true
7             	smoothSolver	7.232720e-02	6.764970e-03	4	7.246500e-02	6.765000e-03	4	1.899860e-02	1.724030e-03	5	false	GAMG	3.702630e-03	3.695350e-04	476	true
8             	smoothSolver	6.210170e-02	5.796660e-03	4	6.225290e-02	5.769500e-03	4	1.511720e-02	1.450760e-03	5	false	GAMG	3.348360e-03	3.193200e-04	101	true
9             	smoothSolver	5.105010e-02	4.883340e-03	4	5.096820e-02	4.875680e-03	4	1.285440e-02	1.241530e-03	5	false	GAMG	2.957370e-03	2.941650e-04	435	true
10            	smoothSolver	4.472690e-02	4.229330e-03	4	4.471020e-02	4.192820e-03	4	1.080150e-02	1.075310e-03	5	false	GAMG	2.593420e-03	2.456310e-04	99	true
11            	smoothSolver	3.658990e-02	2.350440e-03	5	3.651240e-02	2.345850e-03	5	9.480120e-03	9.371340e-04	5	false	GAMG	2.240000e-03	2.209900e-04	417	true
12            	smoothSolver	3.140230e-02	2.004820e-03	5	3.141540e-02	3.125120e-03	4	8.123450e-03	5.271830e-04	6	false	GAMG	1.936380e-03	1.907760e-04	101	true
13            	smoothSolver	2.613740e-02	1.828320e-03	5	2.650320e-02	1.900450e-03	5	7.272180e-03	4.649170e-04	6	false	GAMG	1.759150e-03	1.756220e-04	91	true
14            	smoothSolver	2.183000e-02	1.627200e-03	5	2.209040e-02	1.641110e-03	5	6.323760e-03	4.118970e-04	6	false	GAMG	1.588150e-03	1.540060e-04	93	true
15            	smoothSolver	1.852690e-02	1.444560e-03	5	1.859220e-02	1.446100e-03	5	5.603500e-03	3.663500e-04	6	false	GAMG	1.407530e-03	1.376420e-04	93	true
16            	smoothSolver	1.590950e-02	1.280810e-03	5	1.591680e-02	1.278730e-03	5	4.978650e-03	3.267710e-04	6	false	GAMG	1.233220e-03	1.226230e-04	93	true
17            	smoothSolver	1.388930e-02	1.140010e-03	5	1.389590e-02	1.137330e-03	5	4.441410e-03	2.921960e-04	6	false	GAMG	1.084110e-03	1.031500e-04	95	true
18            	smoothSolver	1.233590e-02	1.021230e-03	5	1.235390e-02	1.017120e-03	5	3.972890e-03	2.619000e-04	6	false	GAMG	9.533430e-04	9.094090e-05	95	true
19            	smoothSolver	1.096670e-02	9.205660e-04	5	1.097410e-02	9.164100e-04	5	3.559310e-03	2.352050e-04	6	false	GAMG	8.419130e-04	8.110760e-05	95	true
20            	smoothSolver	9.759110e-03	8.344090e-04	5	9.755850e-03	8.307710e-04	5	3.196230e-03	2.116120e-04	6	false	GAMG	7.516490e-04	7.245380e-05	95	true
21            	smoothSolver	8.638280e-03	7.566740e-04	5	8.628740e-03	7.535520e-04	5	2.875880e-03	1.906630e-04	6	false	GAMG	6.737550e-04	6.506410e-05	95	true
22            	smoothSolver	7.665110e-03	6.870110e-04	5	7.658740e-03	6.845590e-04	5	2.591020e-03	1.720070e-04	6	false	GAMG	6.034720e-04	5.838850e-05	95	true
23            	smoothSolver	6.858900e-03	6.243050e-04	5	6.849960e-03	6.222800e-04	5	2.337200e-03	1.553300e-04	6	false	GAMG	5.387490e-04	5.231400e-05	95	true
24            	smoothSolver	6.164500e-03	5.694540e-04	5	6.155210e-03	5.677150e-04	5	2.110900e-03	1.403900e-04	6	false	GAMG	4.793610e-04	4.714930e-05	95	true
25            	smoothSolver	5.558900e-03	5.211980e-04	5	5.550890e-03	5.197590e-04	5	1.908100e-03	1.269770e-04	6	false	GAMG	4.262920e-04	4.261730e-05	95	true
26            	smoothSolver	5.012700e-03	4.784410e-04	5	5.008500e-03	4.773700e-04	5	1.726140e-03	1.149110e-04	6	false	GAMG	3.813500e-04	3.640080e-05	97	true
27            	smoothSolver	4.534160e-03	4.401850e-04	5	4.538110e-03	4.394700e-04	5	1.563090e-03	1.040340e-04	6	false	GAMG	3.408160e-04	3.278720e-05	97	true
28            	smoothSolver	4.098920e-03	4.052680e-04	5	4.106840e-03	4.050500e-04	5	1.415310e-03	9.421090e-05	6	false	GAMG	3.050610e-04	2.987430e-05	97	true
29            	smoothSolver	3.712540e-03	2.457480e-04	6	3.721240e-03	2.457330e-04	6	1.282610e-03	8.533960e-05	6	false	GAMG	2.778910e-04	2.728300e-05	97	true
30            	smoothSolver	3.285080e-03	2.182150e-04	6	3.292420e-03	2.182130e-04	6	1.162780e-03	7.731750e-05	6	false	GAMG	2.443040e-04	2.356620e-05	99	true
31            	smoothSolver	2.969470e-03	1.986920e-04	6	2.976690e-03	1.987350e-04	6	1.054710e-03	7.006080e-05	6	false	GAMG	2.176780e-04	2.150000e-05	99	true
32            	smoothSolver	2.696480e-03	1.813180e-04	6	2.701070e-03	1.813210e-04	6	9.563500e-04	6.349010e-05	6	false	GAMG	1.959430e-04	1.871130e-05	101	true
33            	smoothSolver	2.453420e-03	1.652660e-04	6	2.457080e-03	1.652670e-04	6	8.678020e-04	5.754440e-05	6	false	GAMG	1.762310e-04	1.676190e-05	405	true
34            	smoothSolver	2.225980e-03	1.499430e-04	6	2.229980e-03	1.500690e-04	6	7.870850e-04	5.215790e-05	6	false	GAMG	1.583720e-04	1.564460e-05	375	true
35            	smoothSolver	2.017840e-03	1.357280e-04	6	2.019490e-03	1.356750e-04	6	7.142100e-04	4.728360e-05	6	false	GAMG	1.424280e-04	1.381440e-05	347	true
36            	smoothSolver	1.834600e-03	1.228770e-04	6	1.835320e-03	1.227720e-04	6	6.482310e-04	4.287090e-05	6	false	GAMG	1.278070e-04	1.274260e-05	357	true
37            	smoothSolver	1.669110e-03	1.113180e-04	6	1.669660e-03	1.112170e-04	6	5.880320e-04	3.887140e-05	6	false	GAMG	1.150180e-04	1.149160e-05	441	true
38            	smoothSolver	1.521820e-03	1.010300e-04	6	1.522200e-03	1.009010e-04	6	5.335630e-04	3.524790e-05	6	false	GAMG	1.035310e-04	9.973710e-06	105	true
39            	smoothSolver	1.390150e-03	9.172160e-05	6	1.389940e-03	9.149050e-05	6	4.841810e-04	3.196530e-05	6	false	GAMG	9.349620e-05	9.017600e-06	105	true
40            	smoothSolver	1.273170e-03	8.366620e-05	6	1.273090e-03	8.351630e-05	6	4.391230e-04	2.898780e-05	6	false	GAMG	8.448610e-05	8.112400e-06	105	true
41            	smoothSolver	1.166040e-03	7.668550e-05	6	1.165730e-03	7.651000e-05	6	3.983190e-04	2.628750e-05	6	false	GAMG	7.637510e-05	7.294830e-06	105	true
42            	smoothSolver	1.068640e-03	7.060100e-05	6	1.068070e-03	7.042410e-05	6	3.612810e-04	2.383580e-05	6	false	GAMG	6.912320e-05	6.903340e-06	103	true
43            	smoothSolver	9.779540e-04	6.511620e-05	6	9.770690e-04	6.495480e-05	6	3.275820e-04	2.160890e-05	6	false	GAMG	6.280450e-05	6.188330e-06	103	true
44            	smoothSolver	8.955460e-04	6.006930e-05	6	8.946960e-04	5.990180e-05	6	2.971170e-04	1.958790e-05	6	false	GAMG	5.701680e-05	5.475950e-06	103	true
45            	smoothSolver	8.207210e-04	5.539960e-05	6	8.195930e-04	5.523640e-05	6	2.693640e-04	1.775200e-05	6	false	GAMG	5.179630e-05	5.111670e-06	101	true
46            	smoothSolver	7.518420e-04	5.109390e-05	6	7.505100e-04	5.096080e-05	6	2.441100e-04	1.608410e-05	6	false	GAMG	4.717640e-05	4.541690e-06	101	true
47            	smoothSolver	6.895720e-04	4.711670e-05	6	6.883010e-04	4.698680e-05	6	2.212900e-04	1.457020e-05	6	false	GAMG	4.289390e-05	4.257240e-06	99	true
48            	smoothSolver	6.325310e-04	4.348320e-05	6	6.312320e-04	4.337550e-05	6	2.004690e-04	1.319460e-05	6	false	GAMG	3.911360e-05	3.803060e-06	99	true
49            	smoothSolver	5.809620e-04	4.015980e-05	6	5.799060e-04	4.005920e-05	6	1.816520e-04	1.194560e-05	6	false	GAMG	3.556340e-05	3.524580e-06	89	true
50            	smoothSolver	5.401470e-04	3.720950e-05	6	5.391950e-04	3.708060e-05	6	1.642370e-04	1.080870e-05	6	false	GAMG	3.275250e-05	3.220130e-06	193	true
51            	smoothSolver	4.995260e-04	3.431310e-05	6	4.991160e-04	3.422110e-05	6	1.488500e-04	9.778900e-06	6	false	GAMG	2.982460e-05	2.821350e-06	101	true
52            	smoothSolver	4.530240e-04	3.192340e-05	6	4.521840e-04	3.188420e-05	6	1.354950e-04	8.849810e-06	6	false	GAMG	2.638650e-05	2.527820e-06	97	true
53            	smoothSolver	4.138910e-04	2.945870e-05	6	4.134770e-04	2.941900e-05	6	1.219100e-04	7.995670e-06	6	false	GAMG	2.410870e-05	2.353580e-06	97	true
54            	smoothSolver	3.795910e-04	2.720530e-05	6	3.791750e-04	2.716840e-05	6	1.103340e-04	7.223080e-06	6	false	GAMG	2.201300e-05	2.155330e-06	97	true
55            	smoothSolver	3.489290e-04	2.512150e-05	6	3.487440e-04	2.508860e-05	6	9.983040e-05	6.523010e-06	6	false	GAMG	2.007130e-05	1.959550e-06	97	true
56            	smoothSolver	3.208970e-04	2.317500e-05	6	3.207960e-04	2.314630e-05	6	9.026960e-05	9.228580e-06	5	false	GAMG	1.845970e-05	1.738830e-06	95	true
57            	smoothSolver	2.880050e-04	2.077260e-05	6	2.880120e-04	2.075280e-05	6	8.156990e-05	8.357510e-06	5	false	GAMG	1.647300e-05	1.642780e-06	95	true
58            	smoothSolver	2.636100e-04	1.904190e-05	6	2.634280e-04	1.901900e-05	6	7.401410e-05	7.568550e-06	5	false	GAMG	1.504460e-05	1.471180e-06	493	true
59            	smoothSolver	2.457830e-04	1.745340e-05	6	2.462540e-04	1.745420e-05	6	6.695560e-05	6.849310e-06	5	false	GAMG	1.398220e-05	1.383390e-06	505	true
60            	smoothSolver	2.261310e-04	1.612170e-05	6	2.262130e-04	1.609550e-05	6	6.093800e-05	9.738380e-06	4	false	GAMG	1.290580e-05	1.288470e-06	473	true
61            	smoothSolver	2.002010e-04	1.418420e-05	6	2.001880e-04	1.416270e-05	6	5.523720e-05	8.862430e-06	4	false	GAMG	1.122690e-05	1.119650e-06	485	true
62            	smoothSolver	1.827630e-04	1.294810e-05	6	1.825470e-04	1.292710e-05	6	5.036900e-05	8.066610e-06	4	false	GAMG	1.014340e-05	9.997550e-07	509	true
63            	smoothSolver	1.677710e-04	1.191250e-05	6	1.675210e-04	1.189340e-05	6	4.588620e-05	7.339640e-06	4	false	GAMG	9.210900e-06	9.928100e-07	470	true
64            	smoothSolver	1.554700e-04	1.102120e-05	6	1.552700e-04	1.100140e-05	6	4.173610e-05	6.674040e-06	4	false	GAMG	8.461590e-06	9.998610e-07	443	true
65            	smoothSolver	1.452530e-04	1.022880e-05	6	1.450640e-04	1.021090e-05	6	3.798410e-05	9.546290e-06	3	false	GAMG	8.186830e-06	9.996820e-07	416	true
66            	smoothSolver	1.256290e-04	8.687260e-06	6	1.255000e-04	8.671050e-06	6	3.473630e-05	8.755770e-06	3	false	GAMG	6.973730e-06	9.943630e-07	385	true
67            	smoothSolver	1.144130e-04	7.953680e-06	6	1.142460e-04	7.943860e-06	6	3.188350e-05	8.031870e-06	3	false	GAMG	6.442280e-06	9.968260e-07	409	true
68            	smoothSolver	1.060550e-04	7.428700e-06	6	1.059370e-04	7.423670e-06	6	2.928470e-05	7.368590e-06	3	false	GAMG	5.931500e-06	9.937560e-07	346	true
69            	smoothSolver	9.898530e-05	6.971390e-06	6	9.889760e-05	6.961770e-06	6	2.684100e-05	6.754680e-06	3	false	GAMG	5.568680e-06	9.842710e-07	75	true
70            	smoothSolver	9.574850e-05	9.979570e-06	5	9.595850e-05	6.553560e-06	6	2.475750e-05	9.784930e-06	2	false	GAMG	5.454060e-06	9.896090e-07	57	true
71            	smoothSolver	8.008130e-05	8.357140e-06	5	7.879200e-05	8.086960e-06	5	2.285520e-05	9.085440e-06	2	false	GAMG	4.581110e-06	9.471450e-07	59	true
72            	smoothSolver	7.300530e-05	7.727330e-06	5	7.206970e-05	7.661430e-06	5	2.124720e-05	8.442030e-06	2	false	GAMG	4.276540e-06	9.637480e-07	57	true
73            	smoothSolver	6.823880e-05	7.309730e-06	5	6.799880e-05	7.284160e-06	5	1.975210e-05	7.845780e-06	2	false	GAMG	4.059790e-06	9.811770e-07	55	true
74            	smoothSolver	6.436000e-05	6.953730e-06	5	6.429260e-05	6.942410e-06	5	1.836650e-05	7.292550e-06	2	false	GAMG	3.879260e-06	9.878080e-07	53	true
75            	smoothSolver	6.094340e-05	6.608780e-06	5	6.090600e-05	6.600390e-06	5	1.707740e-05	6.777890e-06	2	false	GAMG	3.698880e-06	9.864170e-07	51	true
76            	smoothSolver	5.772680e-05	9.576320e-06	4	5.769610e-05	9.565080e-06	4	1.587540e-05	9.953800e-06	1	false	GAMG	3.843830e-06	9.790250e-07	37	true
77            	smoothSolver	4.495440e-05	7.305240e-06	4	4.491320e-05	7.286790e-06	4	1.504760e-05	9.462850e-06	1	false	GAMG	3.103290e-06	9.714250e-07	37	true
78            	smoothSolver	3.956360e-05	9.962550e-06	3	3.950840e-05	9.942850e-06	3	1.430980e-05	8.998330e-06	1	false	GAMG	2.861260e-06	9.499500e-07	37	true
79            	smoothSolver	3.961780e-05	6.666710e-06	4	3.956410e-05	6.658690e-06	4	1.361170e-05	8.557420e-06	1	false	GAMG	2.733480e-06	9.784790e-07	35	true
80            	smoothSolver	3.660340e-05	9.310220e-06	3	3.658520e-05	9.303980e-06	3	1.294360e-05	8.136780e-06	1	false	GAMG	2.610340e-06	9.639420e-07	35	true
81            	smoothSolver	3.685820e-05	9.556820e-06	3	3.684030e-05	9.552920e-06	3	1.231310e-05	7.738170e-06	1	false	GAMG	2.484190e-06	9.883450e-07	33	true
82            	smoothSolver	3.632030e-05	9.426610e-06	3	3.631890e-05	9.424840e-06	3	1.170800e-05	7.357300e-06	1	false	GAMG	2.383970e-06	9.677380e-07	33	true
83            	smoothSolver	3.519490e-05	9.181600e-06	3	3.519360e-05	9.179250e-06	3	1.113660e-05	6.995980e-06	1	false	GAMG	2.278680e-06	9.862170e-07	31	true
84            	smoothSolver	3.396230e-05	8.883620e-06	3	3.397140e-05	8.882330e-06	3	1.058690e-05	6.650170e-06	1	false	GAMG	2.202760e-06	9.621150e-07	31	true
85            	smoothSolver	3.270190e-05	8.590510e-06	3	3.269740e-05	8.588050e-06	3	1.006760e-05	6.321850e-06	1	false	GAMG	2.109490e-06	9.781810e-07	29	true
86            	smoothSolver	3.150690e-05	8.298360e-06	3	3.151090e-05	8.296750e-06	3	9.567280e-06	9.567280e-06	0	false	GAMG	2.992340e-06	9.678780e-07	8	true
87            	smoothSolver	1.872540e-05	6.573760e-06	2	1.861850e-05	6.463750e-06	2	9.398900e-06	9.398900e-06	0	false	GAMG	2.021760e-06	9.609110e-07	8	true
88            	smoothSolver	1.468030e-05	8.041470e-06	1	1.459910e-05	8.000810e-06	1	9.277960e-06	9.277960e-06	0	false	GAMG	1.631710e-06	9.520200e-07	8	true
89            	smoothSolver	1.466750e-05	8.205400e-06	1	1.468850e-05	8.233520e-06	1	9.153460e-06	9.153460e-06	0	false	GAMG	1.554780e-06	9.480300e-07	8	true
90            	smoothSolver	1.489140e-05	8.385600e-06	1	1.493790e-05	8.419100e-06	1	9.031620e-06	9.031620e-06	0	false	GAMG	1.501750e-06	9.470520e-07	8	true
91            	smoothSolver	1.496640e-05	8.473830e-06	1	1.499660e-05	8.502090e-06	1	8.910760e-06	8.910760e-06	0	false	GAMG	1.452550e-06	8.714610e-07	2	true
92            	smoothSolver	1.603340e-05	8.692560e-06	1	1.595270e-05	8.573040e-06	1	8.774390e-06	8.774390e-06	0	false	GAMG	1.413860e-06	9.195180e-07	4	true
93            	smoothSolver	1.639380e-05	8.825470e-06	1	1.631700e-05	8.722400e-06	1	8.648840e-06	8.648840e-06	0	false	GAMG	1.383870e-06	9.906320e-07	13	true
94            	smoothSolver	1.669810e-05	8.882020e-06	1	1.686660e-05	8.851930e-06	1	8.530810e-06	8.530810e-06	0	false	GAMG	1.382850e-06	9.947180e-07	37	true
95            	smoothSolver	1.591950e-05	8.747340e-06	1	1.623850e-05	8.851380e-06	1	8.427760e-06	8.427760e-06	0	false	GAMG	1.363600e-06	9.971950e-07	36	true
96            	smoothSolver	1.508310e-05	8.555540e-06	1	1.525190e-05	8.632850e-06	1	8.313320e-06	8.313320e-06	0	false	GAMG	1.321100e-06	9.911220e-07	40	true
97            	smoothSolver	1.450030e-05	8.384100e-06	1	1.458670e-05	8.438570e-06	1	8.205110e-06	8.205110e-06	0	false	GAMG	1.278950e-06	9.958460e-07	38	true
98            	smoothSolver	1.401150e-05	8.243760e-06	1	1.403460e-05	8.271850e-06	1	8.096180e-06	8.096180e-06	0	false	GAMG	1.253460e-06	9.953490e-07	38	true
99            	smoothSolver	1.365120e-05	8.142240e-06	1	1.366950e-05	8.161020e-06	1	7.989140e-06	7.989140e-06	0	false	GAMG	1.231790e-06	9.938160e-07	38	true
100           	smoothSolver	1.333380e-05	8.053390e-06	1	1.334810e-05	8.068710e-06	1	7.883750e-06	7.883750e-06	0	false	GAMG	1.212500e-06	9.908450e-07	38	true
101           	smoothSolver	1.304360e-05	7.971570e-06	1	1.305160e-05	7.986410e-06	1	7.779930e-06	7.779930e-06	0	false	GAMG	1.196170e-06	9.865920e-07	38	true
102           	smoothSolver	1.282440e-05	7.895970e-06	1	1.282360e-05	7.909980e-06	1	7.677560e-06	7.677560e-06	0	false	GAMG	1.181660e-06	9.812150e-07	38	true
103           	smoothSolver	1.268070e-05	7.823890e-06	1	1.269180e-05	7.835060e-06	1	7.576630e-06	7.576630e-06	0	false	GAMG	1.167700e-06	9.818210e-07	36	true
104           	smoothSolver	1.254970e-05	7.750130e-06	1	1.256540e-05	7.758740e-06	1	7.476280e-06	7.476280e-06	0	false	GAMG	1.159760e-06	9.816100e-07	36	true
105           	smoothSolver	1.241120e-05	7.682650e-06	1	1.242970e-05	7.689790e-06	1	7.377670e-06	7.377670e-06	0	false	GAMG	1.151860e-06	9.801260e-07	36	true
106           	smoothSolver	1.225670e-05	7.616250e-06	1	1.227580e-05	7.623130e-06	1	7.280440e-06	7.280440e-06	0	false	GAMG	1.143440e-06	9.989830e-07	34	true
107           	smoothSolver	1.220490e-05	7.571620e-06	1	1.225060e-05	7.586400e-06	1	7.184240e-06	7.184240e-06	0	false	GAMG	1.151160e-06	9.906900e-07	34	true
108           	smoothSolver	1.195480e-05	7.484590e-06	1	1.198270e-05	7.491130e-06	1	7.089170e-06	7.089170e-06	0	false	GAMG	1.141590e-06	9.917080e-07	34	true
109           	smoothSolver	1.190290e-05	7.445880e-06	1	1.193350e-05	7.453740e-06	1	6.995580e-06	6.995580e-06	0	false	GAMG	1.136280e-06	9.694740e-07	20	true
110           	smoothSolver	1.188760e-05	7.344580e-06	1	1.198510e-05	7.394790e-06	1	6.899670e-06	6.899670e-06	0	false	GAMG	1.139400e-06	9.860130e-07	51	true
111           	smoothSolver	1.195480e-05	7.372730e-06	1	1.203820e-05	7.391250e-06	1	6.827850e-06	6.827850e-06	0	false	GAMG	1.053980e-06	9.788380e-07	21	true
112           	smoothSolver	1.597540e-05	8.378410e-06	1	1.638580e-05	8.340750e-06	1	6.782590e-06	6.782590e-06	0	false	GAMG	9.872650e-07	9.872650e-07	0	true
113           	smoothSolver	1.281350e-05	7.846420e-06	1	1.273280e-05	7.747690e-06	1	6.649230e-06	6.649230e-06	0	false	GAMG	1.125380e-06	9.848100e-07	3	true
114           	smoothSolver	1.262770e-05	7.263770e-06	1	1.279810e-05	7.354040e-06	1	6.553100e-06	6.553100e-06	0	false	GAMG	1.075490e-06	9.427160e-07	2	true
115           	smoothSolver	1.191140e-05	7.203110e-06	1	1.195310e-05	7.178460e-06	1	6.454720e-06	6.454720e-06	0	false	GAMG	1.104200e-06	9.968610e-07	10	true
116           	smoothSolver	1.236550e-05	7.349070e-06	1	1.240060e-05	7.317980e-06	1	6.365150e-06	6.365150e-06	0	false	GAMG	1.114590e-06	9.994220e-07	49	true
117           	smoothSolver	1.208150e-05	7.199350e-06	1	1.231680e-05	7.270470e-06	1	6.299490e-06	6.299490e-06	0	false	GAMG	1.062380e-06	9.891560e-07	34	true
118           	smoothSolver	1.149720e-05	7.009800e-06	1	1.164240e-05	7.061900e-06	1	6.210020e-06	6.210020e-06	0	false	GAMG	1.061530e-06	9.990570e-07	28	true
119           	smoothSolver	1.115090e-05	6.873190e-06	1	1.122820e-05	6.900690e-06	1	6.125320e-06	6.125320e-06	0	false	GAMG	1.075510e-06	9.808950e-07	38	true
120           	smoothSolver	1.099230e-05	6.808000e-06	1	1.107830e-05	6.841650e-06	1	6.048610e-06	6.048610e-06	0	false	GAMG	1.061950e-06	9.968640e-07	26	true
121           	smoothSolver	1.074550e-05	6.710230e-06	1	1.078080e-05	6.725950e-06	1	5.963170e-06	5.963170e-06	0	false	GAMG	1.075100e-06	9.934980e-07	32	true
122           	smoothSolver	1.058910e-05	6.647820e-06	1	1.062500e-05	6.665730e-06	1	5.885500e-06	5.885500e-06	0	false	GAMG	1.071520e-06	9.977860e-07	30	true
123           	smoothSolver	1.046530e-05	6.585880e-06	1	1.050030e-05	6.605800e-06	1	5.806570e-06	5.806570e-06	0	false	GAMG	1.073830e-06	9.992130e-07	30	true
124           	smoothSolver	1.036870e-05	6.522270e-06	1	1.039690e-05	6.541180e-06	1	5.728890e-06	5.728890e-06	0	false	GAMG	1.074300e-06	9.985620e-07	30	true
125           	smoothSolver	1.027440e-05	6.457250e-06	1	1.029980e-05	6.474920e-06	1	5.652090e-06	5.652090e-06	0	false	GAMG	1.073100e-06	9.963390e-07	30	true
126           	smoothSolver	1.016980e-05	6.392370e-06	1	1.019440e-05	6.408220e-06	1	5.576270e-06	5.576270e-06	0	false	GAMG	1.070600e-06	9.929040e-07	30	true
127           	smoothSolver	1.005380e-05	6.329520e-06	1	1.007860e-05	6.344040e-06	1	5.501390e-06	5.501390e-06	0	false	GAMG	1.067100e-06	9.884090e-07	30	true
128           	smoothSolver	9.928440e-06	9.928440e-06	0	9.954180e-06	9.954180e-06	0	5.427410e-06	5.427410e-06	0	false	GAMG	1.139970e-06	9.828610e-07	30	true
129           	smoothSolver	1.230140e-05	7.861520e-06	1	1.233690e-05	7.883040e-06	1	5.354170e-06	5.354170e-06	0	false	GAMG	1.085880e-06	9.869980e-07	24	true
130           	smoothSolver	1.142900e-05	7.223630e-06	1	1.146490e-05	7.242850e-06	1	5.279440e-06	5.279440e-06	0	false	GAMG	1.066080e-06	9.966970e-07	24	true
131           	smoothSolver	1.067840e-05	6.773510e-06	1	1.071020e-05	6.791080e-06	1	5.206500e-06	5.206500e-06	0	false	GAMG	1.072900e-06	9.953340e-07	30	true
132           	smoothSolver	1.018560e-05	6.447320e-06	1	1.021610e-05	6.465370e-06	1	5.137620e-06	5.137620e-06	0	false	GAMG	1.066300e-06	9.803760e-07	32	true
133           	smoothSolver	9.854160e-06	9.854160e-06	0	9.890240e-06	9.890240e-06	0	5.069320e-06	5.069320e-06	0	false	GAMG	1.119550e-06	9.915230e-07	20	true
134           	smoothSolver	1.217790e-05	7.731350e-06	1	1.219090e-05	7.741000e-06	1	4.995330e-06	4.995330e-06	0	false	GAMG	1.089740e-06	9.819920e-07	30	true
135           	smoothSolver	1.118080e-05	7.037800e-06	1	1.120340e-05	7.056140e-06	1	4.930600e-06	4.930600e-06	0	false	GAMG	1.055960e-06	9.942530e-07	25	true
136           	smoothSolver	1.044470e-05	6.556360e-06	1	1.052870e-05	6.602100e-06	1	4.866850e-06	4.866850e-06	0	false	GAMG	1.056750e-06	9.677830e-07	12	true
137           	smoothSolver	9.996680e-06	9.996680e-06	0	1.007080e-05	6.247990e-06	1	4.796030e-06	4.796030e-06	0	false	GAMG	1.101770e-06	9.833110e-07	40	true
138           	smoothSolver	1.213440e-05	7.551810e-06	1	1.017890e-05	6.181510e-06	1	4.737820e-06	4.737820e-06	0	false	GAMG	1.022380e-06	9.967410e-07	18	true
139           	smoothSolver	1.085700e-05	6.815540e-06	1	9.381510e-06	9.381510e-06	0	4.662500e-06	4.662500e-06	0	false	GAMG	1.084430e-06	9.817790e-07	30	true
140           	smoothSolver	1.057360e-05	6.483860e-06	1	1.160670e-05	7.244330e-06	1	4.602430e-06	4.602430e-06	0	false	GAMG	1.042220e-06	9.957740e-07	24	true
141           	smoothSolver	9.961260e-06	9.961260e-06	0	1.079520e-05	6.666490e-06	1	4.538150e-06	4.538150e-06	0	false	GAMG	1.082080e-06	9.823260e-07	24	true
142           	smoothSolver	1.185150e-05	7.357430e-06	1	1.035670e-05	6.308800e-06	1	4.475280e-06	4.475280e-06	0	false	GAMG	1.048160e-06	9.848720e-07	20	true
143           	smoothSolver	1.059590e-05	6.633900e-06	1	9.381990e-06	9.381990e-06	0	4.411880e-06	4.411880e-06	0	false	GAMG	1.081710e-06	9.774990e-07	26	true
144           	smoothSolver	1.024120e-05	6.290930e-06	1	1.145690e-05	7.165220e-06	1	4.352480e-06	4.352480e-06	0	false	GAMG	1.044950e-06	9.952330e-07	24	true
145           	smoothSolver	9.500340e-06	9.500340e-06	0	1.047100e-05	6.523000e-06	1	4.292450e-06	4.292450e-06	0	false	GAMG	1.080110e-06	9.974260e-07	18	true
146           	smoothSolver	1.147270e-05	7.131680e-06	1	1.018670e-05	6.192490e-06	1	4.230280e-06	4.230280e-06	0	false	GAMG	1.060110e-06	9.889720e-07	27	true
147           	smoothSolver	1.028030e-05	6.409760e-06	1	9.275780e-06	9.275780e-06	0	4.179710e-06	4.179710e-06	0	false	GAMG	1.065370e-06	9.852440e-07	2	true
148           	smoothSolver	9.913170e-06	9.913170e-06	0	1.050890e-05	6.532510e-06	1	4.110050e-06	4.110050e-06	0	false	GAMG	1.103690e-06	9.851020e-07	32	true
149           	smoothSolver	1.175700e-05	7.274290e-06	1	1.093470e-05	6.670790e-06	1	4.068530e-06	4.068530e-06	0	false	GAMG	1.065810e-06	9.999620e-07	16	true
150           	smoothSolver	1.041030e-05	6.461840e-06	1	9.727210e-06	9.727210e-06	0	4.007060e-06	4.007060e-06	0	false	GAMG	1.098490e-06	9.880150e-07	22	true
151           	smoothSolver	9.984000e-06	9.984000e-06	0	1.158470e-05	7.184110e-06	1	3.953590e-06	3.953590e-06	0	false	GAMG	1.088900e-06	9.994930e-07	20	true
152           	smoothSolver	1.170040e-05	7.191860e-06	1	1.084470e-05	6.557200e-06	1	3.898170e-06	3.898170e-06	0	false	GAMG	1.081890e-06	9.834890e-07	24	true
153           	smoothSolver	1.018680e-05	6.368910e-06	1	9.576500e-06	9.576500e-06	0	3.846050e-06	3.846050e-06	0	false	GAMG	1.074880e-06	9.954430e-07	22	true
154           	smoothSolver	9.846170e-06	9.846170e-06	0	1.139560e-05	7.074740e-06	1	3.791290e-06	3.791290e-06	0	false	GAMG	1.063670e-06	9.945720e-07	18	true
155           	smoothSolver	1.142270e-05	7.038630e-06	1	1.047670e-05	6.380870e-06	1	3.735640e-06	3.735640e-06	0	false	GAMG	1.053900e-06	9.960980e-07	18	true
156           	smoothSolver	9.891690e-06	9.891690e-06	0	9.202600e-06	9.202600e-06	0	3.682480e-06	3.682480e-06	0	false	GAMG	1.066340e-06	9.969190e-07	18	true
157           	smoothSolver	1.147700e-05	7.317640e-06	1	1.090440e-05	6.950020e-06	1	3.629970e-06	3.629970e-06	0	false	GAMG	1.069700e-06	9.969770e-07	18	true
158           	smoothSolver	1.016740e-05	6.377380e-06	1	9.737690e-06	9.737690e-06	0	3.578430e-06	3.578430e-06	0	false	GAMG	1.057860e-06	9.959090e-07	18	true
159           	smoothSolver	9.596130e-06	9.596130e-06	0	1.138830e-05	7.120880e-06	1	3.527570e-06	3.527570e-06	0	false	GAMG	1.060940e-06	9.936010e-07	18	true
160           	smoothSolver	1.108880e-05	6.872530e-06	1	1.035560e-05	6.335870e-06	1	3.477400e-06	3.477400e-06	0	false	GAMG	1.049990e-06	9.969070e-07	16	true
161           	smoothSolver	9.529580e-06	9.529580e-06	0	8.996770e-06	8.996770e-06	0	3.427060e-06	3.427060e-06	0	false	GAMG	1.057220e-06	9.936050e-07	18	true
162           	smoothSolver	1.105650e-05	7.076710e-06	1	1.061530e-05	6.786420e-06	1	3.378690e-06	3.378690e-06	0	false	GAMG	1.059740e-06	9.950270e-07	16	true
163           	smoothSolver	9.768190e-06	9.768190e-06	0	9.432260e-06	9.432260e-06	0	3.329750e-06	3.329750e-06	0	false	GAMG	1.052200e-06	9.963390e-07	16	true
164           	smoothSolver	1.120320e-05	7.169050e-06	1	1.093580e-05	6.995410e-06	1	3.281830e-06	3.281830e-06	0	false	GAMG	1.065810e-06	9.968640e-07	16	true
165           	smoothSolver	9.813220e-06	9.813220e-06	0	9.609320e-06	9.609320e-06	0	3.234780e-06	3.234780e-06	0	false	GAMG	1.051410e-06	9.962370e-07	16	true
166           	smoothSolver	1.118300e-05	7.167560e-06	1	1.102430e-05	7.065450e-06	1	3.188220e-06	3.188220e-06	0	false	GAMG	1.066590e-06	9.945570e-07	16	true
167           	smoothSolver	9.748640e-06	9.748640e-06	0	9.627770e-06	9.627770e-06	0	3.142560e-06	3.142560e-06	0	false	GAMG	1.047100e-06	9.988440e-07	14	true
168           	smoothSolver	1.108770e-05	7.109710e-06	1	1.099190e-05	7.047570e-06	1	3.096330e-06	3.096330e-06	0	false	GAMG	1.068430e-06	9.961410e-07	16	true
169           	smoothSolver	9.649110e-06	9.649110e-06	0	9.580970e-06	9.580970e-06	0	3.052450e-06	3.052450e-06	0	false	GAMG	1.047110e-06	9.986520e-07	14	true
170           	smoothSolver	1.096580e-05	7.022680e-06	1	1.091280e-05	6.988580e-06	1	3.007490e-06	3.007490e-06	0	false	GAMG	1.066760e-06	9.936810e-07	16	true
171           	smoothSolver	9.529590e-06	9.529590e-06	0	9.495960e-06	9.495960e-06	0	2.964900e-06	2.964900e-06	0	false	GAMG	1.043080e-06	9.940110e-07	14	true
172           	smoothSolver	1.081330e-05	6.919940e-06	1	1.078790e-05	6.903310e-06	1	2.921190e-06	2.921190e-06	0	false	GAMG	1.060610e-06	9.942180e-07	14	true
173           	smoothSolver	9.384470e-06	9.384470e-06	0	9.363150e-06	9.363150e-06	0	2.878850e-06	2.878850e-06	0	false	GAMG	1.042380e-06	9.935070e-07	14	true
174           	smoothSolver	1.063150e-05	6.810670e-06	1	1.062060e-05	6.803690e-06	1	2.836830e-06	2.836830e-06	0	false	GAMG	1.057870e-06	9.993480e-07	12	true
175           	smoothSolver	9.226330e-06	9.226330e-06	0	9.215240e-06	9.215240e-06	0	2.794710e-06	2.794710e-06	0	false	GAMG	1.046210e-06	9.978080e-07	14	true
176           	smoothSolver	1.045440e-05	6.699760e-06	1	1.045610e-05	6.699970e-06	1	2.754360e-06	2.754360e-06	0	false	GAMG	1.059320e-06	9.943000e-07	14	true
177           	smoothSolver	9.071940e-06	9.071940e-06	0	9.079550e-06	9.079550e-06	0	2.714330e-06	2.714330e-06	0	false	GAMG	1.039000e-06	9.970290e-07	12	true
178           	smoothSolver	1.028590e-05	6.583570e-06	1	1.029550e-05	6.586370e-06	1	2.673680e-06	2.673680e-06	0	false	GAMG	1.056050e-06	9.999250e-07	12	true
179           	smoothSolver	8.932120e-06	8.932120e-06	0	8.942600e-06	8.942600e-06	0	2.634330e-06	2.634330e-06	0	false	GAMG	1.043410e-06	9.942490e-07	14	true
180           	smoothSolver	1.012610e-05	6.479080e-06	1	1.014780e-05	6.489430e-06	1	2.596230e-06	2.596230e-06	0	false	GAMG	1.051490e-06	9.941710e-07	12	true
181           	smoothSolver	8.781160e-06	8.781160e-06	0	8.796280e-06	8.796280e-06	0	2.557480e-06	2.557480e-06	0	false	GAMG	1.035820e-06	9.939060e-07	12	true
182           	smoothSolver	9.945430e-06	9.945430e-06	0	9.961200e-06	9.961200e-06	0	2.519530e-06	2.519530e-06	0	false	GAMG	1.038490e-06	9.928830e-07	12	true
183           	smoothSolver	1.110330e-05	7.144130e-06	1	1.112060e-05	7.153290e-06	1	2.482100e-06	2.482100e-06	0	false	GAMG	1.071080e-06	9.985840e-07	10	true
184           	smoothSolver	9.455210e-06	9.455210e-06	0	9.466420e-06	9.466420e-06	0	2.444530e-06	2.444530e-06	0	false	GAMG	1.038210e-06	9.970930e-07	12	true
185           	smoothSolver	1.046800e-05	6.698350e-06	1	1.048310e-05	6.704590e-06	1	2.408610e-06	2.408610e-06	0	false	GAMG	1.061530e-06	9.934960e-07	12	true
186           	smoothSolver	8.928760e-06	8.928760e-06	0	8.946650e-06	8.946650e-06	0	2.373010e-06	2.373010e-06	0	false	GAMG	1.031590e-06	9.964780e-07	10	true
187           	smoothSolver	9.964350e-06	9.964350e-06	0	9.975880e-06	9.975880e-06	0	2.336700e-06	2.336700e-06	0	false	GAMG	1.037430e-06	9.999330e-07	10	true
188           	smoothSolver	1.103500e-05	7.083620e-06	1	1.104530e-05	7.087600e-06	1	2.301400e-06	2.301400e-06	0	false	GAMG	1.078020e-06	9.947630e-07	12	true
189           	smoothSolver	9.315140e-06	9.315140e-06	0	9.335440e-06	9.335440e-06	0	2.267840e-06	2.267840e-06	0	false	GAMG	1.031090e-06	9.952520e-07	10	true
190           	smoothSolver	1.023280e-05	6.552210e-06	1	1.024830e-05	6.560040e-06	1	2.233010e-06	2.233010e-06	0	false	GAMG	1.057360e-06	9.958710e-07	10	true
191           	smoothSolver	8.703780e-06	8.703780e-06	0	8.719530e-06	8.719530e-06	0	2.199520e-06	2.199520e-06	0	false	GAMG	1.031430e-06	9.957980e-07	10	true
192           	smoothSolver	9.665310e-06	9.665310e-06	0	9.676510e-06	9.676510e-06	0	2.166100e-06	2.166100e-06	0	false	GAMG	1.033680e-06	9.948150e-07	10	true
193           	smoothSolver	1.068120e-05	6.860820e-06	1	1.069500e-05	6.870020e-06	1	2.133260e-06	2.133260e-06	0	false	GAMG	1.067810e-06	9.927840e-07	10	true
194           	smoothSolver	9.007110e-06	9.007110e-06	0	9.024280e-06	9.024280e-06	0	2.101180e-06	2.101180e-06	0	false	GAMG	1.026660e-06	9.981890e-07	8	true
195           	smoothSolver	9.857800e-06	9.857800e-06	0	9.861900e-06	9.861900e-06	0	2.068200e-06	2.068200e-06	0	false	GAMG	1.034340e-06	9.955390e-07	10	true
196           	smoothSolver	1.082360e-05	6.947900e-06	1	1.083620e-05	6.960780e-06	1	2.037270e-06	2.037270e-06	0	false	GAMG	1.073130e-06	9.995810e-07	8	true
197           	smoothSolver	9.078370e-06	9.078370e-06	0	9.093600e-06	9.093600e-06	0	2.005630e-06	2.005630e-06	0	false	GAMG	1.032370e-06	9.951200e-07	10	true
198           	smoothSolver	9.855120e-06	9.855120e-06	0	9.869000e-06	9.869000e-06	0	1.975500e-06	1.975500e-06	0	false	GAMG	1.029770e-06	9.974530e-07	8	true
199           	smoothSolver	1.072460e-05	6.890110e-06	1	1.073560e-05	6.902450e-06	1	1.944360e-06	1.944360e-06	0	false	GAMG	1.072800e-06	9.996440e-07	8	true
200           	smoothSolver	8.988210e-06	8.988210e-06	0	9.007340e-06	9.007340e-06	0	1.914630e-06	1.914630e-06	0	false	GAMG	1.031360e-06	9.933230e-07	10	true
201           	smoothSolver	9.748980e-06	9.748980e-06	0	9.773290e-06	9.773290e-06	0	1.885790e-06	1.885790e-06	0	false	GAMG	1.025570e-06	9.990440e-07	6	true
202           	smoothSolver	1.053620e-05	6.756140e-06	1	1.054640e-05	6.765550e-06	1	1.854840e-06	1.854840e-06	0	false	GAMG	1.069340e-06	9.928820e-07	10	true
203           	smoothSolver	8.834060e-06	8.834060e-06	0	8.869830e-06	8.869830e-06	0	1.827920e-06	1.827920e-06	0	false	GAMG	1.022600e-06	9.976210e-07	6	true
204           	smoothSolver	9.502460e-06	9.502460e-06	0	9.519980e-06	9.519980e-06	0	1.797700e-06	1.797700e-06	0	false	GAMG	1.030400e-06	9.990990e-07	8	true
205           	smoothSolver	1.039080e-05	6.659630e-06	1	1.042070e-05	6.681750e-06	1	1.770360e-06	1.770360e-06	0	false	GAMG	1.068260e-06	9.960190e-07	8	true
206           	smoothSolver	8.668450e-06	8.668450e-06	0	8.712020e-06	8.712020e-06	0	1.743060e-06	1.743060e-06	0	false	GAMG	1.024820e-06	9.919220e-07	8	true
207           	smoothSolver	9.332470e-06	9.332470e-06	0	9.371740e-06	9.371740e-06	0	1.715770e-06	1.715770e-06	0	false	GAMG	1.022230e-06	9.944530e-07	6	true
208           	smoothSolver	1.010680e-05	6.486530e-06	1	1.013470e-05	6.501420e-06	1	1.687820e-06	1.687820e-06	0	false	GAMG	1.059330e-06	9.922150e-07	8	true
209           	smoothSolver	8.462230e-06	8.462230e-06	0	8.508710e-06	8.508710e-06	0	1.662420e-06	1.662420e-06	0	false	GAMG	1.020110e-06	9.937050e-07	6	true
210           	smoothSolver	9.083580e-06	9.083580e-06	0	9.110910e-06	9.110910e-06	0	1.635090e-06	1.635090e-06	0	false	GAMG	1.024830e-06	9.897680e-07	8	true
211           	smoothSolver	9.907850e-06	9.907850e-06	0	9.951140e-06	9.951140e-06	0	1.610080e-06	1.610080e-06	0	false	GAMG	1.019660e-06	9.994060e-07	4	true
212           	smoothSolver	1.054280e-05	6.771270e-06	1	1.055630e-05	6.773010e-06	1	1.582510e-06	1.582510e-06	0	false	GAMG	1.072640e-06	9.957120e-07	8	true
213           	smoothSolver	8.782510e-06	8.782510e-06	0	8.835300e-06	8.835300e-06	0	1.559280e-06	1.559280e-06	0	false	GAMG	1.023130e-06	9.953720e-07	6	true
214           	smoothSolver	9.303780e-06	9.303780e-06	0	9.337670e-06	9.337670e-06	0	1.533460e-06	1.533460e-06	0	false	GAMG	1.025400e-06	9.980460e-07	6	true
215           	smoothSolver	1.003310e-05	6.425930e-06	1	1.007080e-05	6.442080e-06	1	1.508960e-06	1.508960e-06	0	false	GAMG	1.064880e-06	9.967400e-07	6	true
216           	smoothSolver	8.387040e-06	8.387040e-06	0	8.432900e-06	8.432900e-06	0	1.485070e-06	1.485070e-06	0	false	GAMG	1.024900e-06	9.969020e-07	6	true
217           	smoothSolver	8.849390e-06	8.849390e-06	0	8.871130e-06	8.871130e-06	0	1.460790e-06	1.460790e-06	0	false	GAMG	1.026130e-06	9.964380e-07	6	true
218           	smoothSolver	9.553930e-06	9.553930e-06	0	9.574150e-06	9.574150e-06	0	1.437210e-06	1.437210e-06	0	false	GAMG	1.025680e-06	9.952010e-07	6	true
219           	smoothSolver	1.023600e-05	6.565930e-06	1	1.025880e-05	6.574900e-06	1	1.413980e-06	1.413980e-06	0	false	GAMG	1.073000e-06	9.940110e-07	6	true
220           	smoothSolver	8.510230e-06	8.510230e-06	0	8.560040e-06	8.560040e-06	0	1.391640e-06	1.391640e-06	0	false	GAMG	1.019070e-06	9.983150e-07	4	true
221           	smoothSolver	8.789900e-06	8.789900e-06	0	8.801740e-06	8.801740e-06	0	1.367600e-06	1.367600e-06	0	false	GAMG	1.026450e-06	9.975020e-07	6	true
222           	smoothSolver	9.511200e-06	9.511200e-06	0	9.520800e-06	9.520800e-06	0	1.346000e-06	1.346000e-06	0	false	GAMG	1.024970e-06	9.942090e-07	6	true
223           	smoothSolver	1.014530e-05	6.507450e-06	1	1.015210e-05	6.508880e-06	1	1.324130e-06	1.324130e-06	0	false	GAMG	1.072240e-06	9.894110e-07	6	true
224           	smoothSolver	8.362310e-06	8.362310e-06	0	8.397470e-06	8.397470e-06	0	1.303170e-06	1.303170e-06	0	false	GAMG	1.012810e-06	9.931650e-07	4	true
225           	smoothSolver	8.649950e-06	8.649950e-06	0	8.652690e-06	8.652690e-06	0	1.280550e-06	1.280550e-06	0	false	GAMG	1.016370e-06	9.983300e-07	4	true
226           	smoothSolver	9.250360e-06	9.250360e-06	0	9.237020e-06	9.237020e-06	0	1.259100e-06	1.259100e-06	0	false	GAMG	1.021570e-06	9.936240e-07	6	true
227           	smoothSolver	9.933980e-06	9.933980e-06	0	9.931010e-06	9.931010e-06	0	1.239190e-06	1.239190e-06	0	false	GAMG	1.016330e-06	9.963730e-07	4	true
228           	smoothSolver	1.040420e-05	6.659510e-06	1	1.039340e-05	6.652920e-06	1	1.217800e-06	1.217800e-06	0	false	GAMG	1.075740e-06	9.897260e-07	6	true
229           	smoothSolver	8.530670e-06	8.530670e-06	0	8.558860e-06	8.558860e-06	0	1.199090e-06	1.199090e-06	0	false	GAMG	1.009220e-06	9.895970e-07	4	true
230           	smoothSolver	8.729920e-06	8.729920e-06	0	8.739780e-06	8.739780e-06	0	1.178040e-06	1.178040e-06	0	false	GAMG	1.008390e-06	9.906660e-07	4	true
231           	smoothSolver	9.250750e-06	9.250750e-06	0	9.253030e-06	9.253030e-06	0	1.158170e-06	1.158170e-06	0	false	GAMG	1.009470e-06	9.918380e-07	4	true
232           	smoothSolver	9.779810e-06	9.779810e-06	0	9.781600e-06	9.781600e-06	0	1.138600e-06	1.138600e-06	0	false	GAMG	1.010320e-06	9.926730e-07	4	true
233           	smoothSolver	1.025740e-05	6.560830e-06	1	1.026160e-05	6.559180e-06	1	1.119380e-06	1.119380e-06	0	false	GAMG	1.068360e-06	9.829550e-07	6	true
234           	smoothSolver	8.451180e-06	8.451180e-06	0	8.490650e-06	8.490650e-06	0	1.102060e-06	1.102060e-06	0	false	GAMG	9.986740e-07	9.986740e-07	0	true
235           	smoothSolver	8.177740e-06	8.177740e-06	0	8.218950e-06	8.218950e-06	0	1.080140e-06	1.080140e-06	0	false	GAMG	1.019400e-06	9.912020e-07	6	true
236           	smoothSolver	9.176480e-06	9.176480e-06	0	9.194410e-06	9.194410e-06	0	1.064160e-06	1.064160e-06	0	false	GAMG	1.007350e-06	9.852860e-07	4	true
237           	smoothSolver	9.543890e-06	9.543890e-06	0	9.564670e-06	9.564670e-06	0	1.045300e-06	1.045300e-06	0	false	GAMG	1.002180e-06	9.990880e-07	2	true
238           	smoothSolver	9.836470e-06	9.836470e-06	0	9.846700e-06	9.846700e-06	0	1.026400e-06	1.026400e-06	0	false	GAMG	1.011510e-06	9.940250e-07	4	true
239           	smoothSolver	1.034550e-05	6.617840e-06	1	1.038030e-05	6.627900e-06	1	1.009500e-06	1.009500e-06	0	false	GAMG	1.073330e-06	9.928510e-07	4	true
240           	smoothSolver	8.516870e-06	8.516870e-06	0	8.599380e-06	8.599380e-06	0	9.932350e-07	9.932350e-07	0	false	GAMG	1.006510e-06	9.863210e-07	4	true
241           	smoothSolver	8.448510e-06	8.448510e-06	0	8.500760e-06	8.500760e-06	0	9.757830e-07	9.757830e-07	0	false	GAMG	9.999290e-07	9.999290e-07	0	true
242           	smoothSolver	8.369220e-06	8.369220e-06	0	8.417890e-06	8.417890e-06	0	9.566860e-07	9.566860e-07	0	false	GAMG	1.018730e-06	9.930610e-07	6	true
243           	smoothSolver	9.430650e-06	9.430650e-06	0	9.485640e-06	9.485640e-06	0	9.428410e-07	9.428410e-07	0	false	GAMG	1.005380e-06	9.958180e-07	2	true
244           	smoothSolver	9.575420e-06	9.575420e-06	0	9.597670e-06	9.597670e-06	0	9.245720e-07	9.245720e-07	0	false	GAMG	1.008480e-06	9.761440e-07	6	true
245           	smoothSolver	1.013310e-05	6.483450e-06	1	1.018160e-05	6.487300e-06	1	9.107540e-07	9.107540e-07	0	false	GAMG	1.058250e-06	9.862100e-07	2	true
246           	smoothSolver	8.653140e-06	8.653140e-06	0	8.764660e-06	8.764660e-06	0	8.948250e-07	8.948250e-07	0	false	GAMG	9.943620e-07	9.943620e-07	0	true
247           	smoothSolver	8.429690e-06	8.429690e-06	0	8.547580e-06	8.547580e-06	0	8.775430e-07	8.775430e-07	0	false	GAMG	1.006110e-06	9.777610e-07	6	true
248           	smoothSolver	8.568650e-06	8.568650e-06	0	8.609660e-06	8.609660e-06	0	8.638010e-07	8.638010e-07	0	false	GAMG	9.872770e-07	9.872770e-07	0	true
249           	smoothSolver	8.439360e-06	8.439360e-06	0	8.448430e-06	8.448430e-06	0	8.457250e-07	8.457250e-07	0	false	GAMG	1.001600e-06	9.991940e-07	4	true
250           	smoothSolver	9.216960e-06	9.216960e-06	0	9.207950e-06	9.207950e-06	0	8.328310e-07	8.328310e-07	0	false	GAMG	1.001130e-06	9.845160e-07	2	true
251           	smoothSolver	9.385600e-06	9.385600e-06	0	9.355610e-06	9.355610e-06	0	8.166630e-07	8.166630e-07	0	false	GAMG	9.985690e-07	9.985690e-07	0	true
252           	smoothSolver	9.299740e-06	9.299740e-06	0	9.264780e-06	9.264780e-06	0	8.006270e-07	8.006270e-07	0	false	GAMG	1.012730e-06	9.966490e-07	6	true
253           	smoothSolver	1.050690e-05	6.602310e-06	1	1.047770e-05	6.569060e-06	1	7.951620e-07	7.951620e-07	0	false	GAMG	1.064190e-06	9.839570e-07	4	true
254           	smoothSolver	8.546070e-06	8.546070e-06	0	8.665080e-06	8.665080e-06	0	7.792470e-07	7.792470e-07	0	false	GAMG	9.820640e-07	9.820640e-07	0	true
255           	smoothSolver	8.178010e-06	8.178010e-06	0	8.275710e-06	8.275710e-06	0	7.618830e-07	7.618830e-07	0	false	GAMG	9.924810e-07	9.924810e-07	0	true
256           	smoothSolver	8.054540e-06	8.054540e-06	0	8.139670e-06	8.139670e-06	0	7.467410e-07	7.467410e-07	0	false	GAMG	1.006390e-06	9.884600e-07	6	true
257           	smoothSolver	9.071460e-06	9.071460e-06	0	9.050260e-06	9.050260e-06	0	7.401340e-07	7.401340e-07	0	false	GAMG	9.797420e-07	9.797420e-07	0	true
258           	smoothSolver	8.834340e-06	8.834340e-06	0	8.800640e-06	8.800640e-06	0	7.223000e-07	7.223000e-07	0	false	GAMG	9.931480e-07	9.931480e-07	0	true
259           	smoothSolver	8.723800e-06	8.723800e-06	0	8.689870e-06	8.689870e-06	0	7.078820e-07	7.078820e-07	0	false	GAMG	1.008990e-06	9.915680e-07	6	true
260           	smoothSolver	9.829770e-06	9.829770e-06	0	9.823640e-06	9.823640e-06	0	7.001490e-07	7.001490e-07	0	false	GAMG	9.894240e-07	9.894240e-07	0	true
261           	smoothSolver	9.615050e-06	9.615050e-06	0	9.588550e-06	9.588550e-06	0	6.835920e-07	6.835920e-07	0	false	GAMG	1.002120e-06	9.722990e-07	6	true
262           	smoothSolver	1.019550e-05	6.446720e-06	1	1.020540e-05	6.460140e-06	1	6.752670e-07	6.752670e-07	0	false	GAMG	1.041910e-06	9.758750e-07	4	true
263           	smoothSolver	8.271580e-06	8.271580e-06	0	8.339450e-06	8.339450e-06	0	6.630630e-07	6.630630e-07	0	false	GAMG	9.610550e-07	9.610550e-07	0	true
264           	smoothSolver	7.926300e-06	7.926300e-06	0	8.000540e-06	8.000540e-06	0	6.476840e-07	6.476840e-07	0	false	GAMG	9.666020e-07	9.666020e-07	0	true
265           	smoothSolver	7.808150e-06	7.808150e-06	0	7.888430e-06	7.888430e-06	0	6.345010e-07	6.345010e-07	0	false	GAMG	9.743600e-07	9.743600e-07	0	true
266           	smoothSolver	7.737650e-06	7.737650e-06	0	7.820660e-06	7.820660e-06	0	6.215230e-07	6.215230e-07	0	false	GAMG	9.845030e-07	9.845030e-07	0	true
267           	smoothSolver	7.666940e-06	7.666940e-06	0	7.753910e-06	7.753910e-06	0	6.087510e-07	6.087510e-07	0	false	GAMG	9.967880e-07	9.967880e-07	0	true
268           	smoothSolver	7.606660e-06	7.606660e-06	0	7.696420e-06	7.696420e-06	0	5.961820e-07	5.961820e-07	0	false	GAMG	1.010670e-06	9.695110e-07	6	true
269           	smoothSolver	9.454770e-06	9.454770e-06	0	9.541610e-06	9.541610e-06	0	5.890260e-07	5.890260e-07	0	false	GAMG	9.575830e-07	9.575830e-07	0	true
270           	smoothSolver	9.120420e-06	9.120420e-06	0	9.163650e-06	9.163650e-06	0	5.739150e-07	5.739150e-07	0	false	GAMG	9.638250e-07	9.638250e-07	0	true
271           	smoothSolver	9.011230e-06	9.011230e-06	0	9.047140e-06	9.047140e-06	0	5.620370e-07	5.620370e-07	0	false	GAMG	9.721520e-07	9.721520e-07	0	true
272           	smoothSolver	8.941670e-06	8.941670e-06	0	8.971340e-06	8.971340e-06	0	5.503650e-07	5.503650e-07	0	false	GAMG	9.815750e-07	9.815750e-07	0	true
273           	smoothSolver	8.871390e-06	8.871390e-06	0	8.894580e-06	8.894580e-06	0	5.389860e-07	5.389860e-07	0	false	GAMG	9.921250e-07	9.921250e-07	0	true
274           	smoothSolver	8.802900e-06	8.802900e-06	0	8.820700e-06	8.820700e-06	0	5.278020e-07	5.278020e-07	0	false	GAMG	1.003560e-06	9.917800e-07	6	true
275           	smoothSolver	1.011710e-05	6.323300e-06	1	1.020410e-05	6.341960e-06	1	5.220450e-07	5.220450e-07	0	false	GAMG	1.036400e-06	9.499160e-07	6	true
276           	smoothSolver	7.849560e-06	7.849560e-06	0	7.944170e-06	7.944170e-06	0	5.138090e-07	5.138090e-07	0	false	GAMG	9.474260e-07	9.474260e-07	0	true
277           	smoothSolver	7.500710e-06	7.500710e-06	0	7.576720e-06	7.576720e-06	0	5.005540e-07	5.005540e-07	0	false	GAMG	9.532270e-07	9.532270e-07	0	true
278           	smoothSolver	7.393020e-06	7.393020e-06	0	7.465650e-06	7.465650e-06	0	4.897700e-07	4.897700e-07	0	false	GAMG	9.606890e-07	9.606890e-07	0	true
279           	smoothSolver	7.328270e-06	7.328270e-06	0	7.400030e-06	7.400030e-06	0	4.791160e-07	4.791160e-07	0	false	GAMG	9.694630e-07	9.694630e-07	0	true
280           	smoothSolver	7.257860e-06	7.257860e-06	0	7.328730e-06	7.328730e-06	0	4.687460e-07	4.687460e-07	0	false	GAMG	9.795370e-07	9.795370e-07	0	true
281           	smoothSolver	7.191660e-06	7.191660e-06	0	7.260640e-06	7.260640e-06	0	4.585680e-07	4.585680e-07	0	false	GAMG	9.907700e-07	9.907700e-07	0	true
282           	smoothSolver	7.124620e-06	7.124620e-06	0	7.192520e-06	7.192520e-06	0	4.485790e-07	4.485790e-07	0	false	GAMG	1.003050e-06	9.581450e-07	6	true
283           	smoothSolver	8.838380e-06	8.838380e-06	0	8.866870e-06	8.866870e-06	0	4.433700e-07	4.433700e-07	0	false	GAMG	9.547390e-07	9.547390e-07	0	true
284           	smoothSolver	8.510670e-06	8.510670e-06	0	8.517730e-06	8.517730e-06	0	4.317330e-07	4.317330e-07	0	false	GAMG	9.611020e-07	9.611020e-07	0	true
285           	smoothSolver	8.379430e-06	8.379430e-06	0	8.386770e-06	8.386770e-06	0	4.225250e-07	4.225250e-07	0	false	GAMG	9.684450e-07	9.684450e-07	0	true
286           	smoothSolver	8.281990e-06	8.281990e-06	0	8.290870e-06	8.290870e-06	0	4.133660e-07	4.133660e-07	0	false	GAMG	9.766770e-07	9.766770e-07	0	true
287           	smoothSolver	8.184580e-06	8.184580e-06	0	8.194460e-06	8.194460e-06	0	4.044330e-07	4.044330e-07	0	false	GAMG	9.855630e-07	9.855630e-07	0	true
288           	smoothSolver	8.091810e-06	8.091810e-06	0	8.102700e-06	8.102700e-06	0	3.956600e-07	3.956600e-07	0	false	GAMG	9.947770e-07	9.947770e-07	0	true
289           	smoothSolver	8.000390e-06	8.000390e-06	0	8.013000e-06	8.013000e-06	0	3.870720e-07	3.870720e-07	0	false	GAMG	1.004290e-06	9.609660e-07	6	true
290           	smoothSolver	9.002300e-06	9.002300e-06	0	9.038500e-06	9.038500e-06	0	3.822130e-07	3.822130e-07	0	false	GAMG	9.579140e-07	9.579140e-07	0	true
291           	smoothSolver	8.655610e-06	8.655610e-06	0	8.680670e-06	8.680670e-06	0	3.718380e-07	3.718380e-07	0	false	GAMG	9.642840e-07	9.642840e-07	0	true
292           	smoothSolver	8.498800e-06	8.498800e-06	0	8.527470e-06	8.527470e-06	0	3.638960e-07	3.638960e-07	0	false	GAMG	9.711940e-07	9.711940e-07	0	true
293           	smoothSolver	8.384610e-06	8.384610e-06	0	8.415800e-06	8.415800e-06	0	3.560250e-07	3.560250e-07	0	false	GAMG	9.783240e-07	9.783240e-07	0	true
294           	smoothSolver	8.268040e-06	8.268040e-06	0	8.300620e-06	8.300620e-06	0	3.483690e-07	3.483690e-07	0	false	GAMG	9.859240e-07	9.859240e-07	0	true
295           	smoothSolver	8.157130e-06	8.157130e-06	0	8.191100e-06	8.191100e-06	0	3.408680e-07	3.408680e-07	0	false	GAMG	9.940700e-07	9.940700e-07	0	true
296           	smoothSolver	8.048450e-06	8.048450e-06	0	8.084310e-06	8.084310e-06	0	3.335270e-07	3.335270e-07	0	false	GAMG	1.002740e-06	9.858040e-07	2	true
297           	smoothSolver	8.502160e-06	8.502160e-06	0	8.521950e-06	8.521950e-06	0	3.282240e-07	3.282240e-07	0	false	GAMG	9.788840e-07	9.788840e-07	0	true
298           	smoothSolver	8.148930e-06	8.148930e-06	0	8.158880e-06	8.158880e-06	0	3.199990e-07	3.199990e-07	0	false	GAMG	9.862560e-07	9.862560e-07	0	true
299           	smoothSolver	7.975160e-06	7.975160e-06	0	7.986750e-06	7.986750e-06	0	3.130750e-07	3.130750e-07	0	false	GAMG	9.943720e-07	9.943720e-07	0	true
300           	smoothSolver	7.857410e-06	7.857410e-06	0	7.870370e-06	7.870370e-06	0	3.063350e-07	3.063350e-07	0	false	GAMG	1.002910e-06	9.347500e-07	2	true
301           	smoothSolver	8.166820e-06	8.166820e-06	0	8.223160e-06	8.223160e-06	0	3.012220e-07	3.012220e-07	0	false	GAMG	9.519680e-07	9.519680e-07	0	true
302           	smoothSolver	7.870180e-06	7.870180e-06	0	7.911010e-06	7.911010e-06	0	2.936970e-07	2.936970e-07	0	false	GAMG	9.583560e-07	9.583560e-07	0	true
303           	smoothSolver	7.702450e-06	7.702450e-06	0	7.741140e-06	7.741140e-06	0	2.873400e-07	2.873400e-07	0	false	GAMG	9.665990e-07	9.665990e-07	0	true
304           	smoothSolver	7.579330e-06	7.579330e-06	0	7.613770e-06	7.613770e-06	0	2.811500e-07	2.811500e-07	0	false	GAMG	9.758960e-07	9.758960e-07	0	true
305           	smoothSolver	7.457530e-06	7.457530e-06	0	7.489400e-06	7.489400e-06	0	2.751060e-07	2.751060e-07	0	false	GAMG	9.862140e-07	9.862140e-07	0	true
306           	smoothSolver	7.347410e-06	7.347410e-06	0	7.378300e-06	7.378300e-06	0	2.692040e-07	2.692040e-07	0	false	GAMG	9.972740e-07	9.972740e-07	0	true
307           	smoothSolver	7.243360e-06	7.243360e-06	0	7.274220e-06	7.274220e-06	0	2.634550e-07	2.634550e-07	0	false	GAMG	1.008840e-06	9.806450e-07	6	true
308           	smoothSolver	7.756220e-06	7.756220e-06	0	7.899050e-06	7.899050e-06	0	2.598500e-07	2.598500e-07	0	false	GAMG	9.639060e-07	9.639060e-07	0	true
309           	smoothSolver	7.306930e-06	7.306930e-06	0	7.413510e-06	7.413510e-06	0	2.514380e-07	2.514380e-07	0	false	GAMG	9.688670e-07	9.688670e-07	0	true
310           	smoothSolver	7.113780e-06	7.113780e-06	0	7.218430e-06	7.218430e-06	0	2.459690e-07	2.459690e-07	0	false	GAMG	9.738450e-07	9.738450e-07	0	true
311           	smoothSolver	6.984970e-06	6.984970e-06	0	7.093120e-06	7.093120e-06	0	2.406680e-07	2.406680e-07	0	false	GAMG	9.785990e-07	9.785990e-07	0	true
312           	smoothSolver	6.860540e-06	6.860540e-06	0	6.972030e-06	6.972030e-06	0	2.355350e-07	2.355350e-07	0	false	GAMG	9.833360e-07	9.833360e-07	0	true
313           	smoothSolver	6.746650e-06	6.746650e-06	0	6.859640e-06	6.859640e-06	0	2.305060e-07	2.305060e-07	0	false	GAMG	9.879760e-07	9.879760e-07	0	true
314           	smoothSolver	6.637750e-06	6.637750e-06	0	6.750600e-06	6.750600e-06	0	2.255640e-07	2.255640e-07	0	false	GAMG	9.926190e-07	9.926190e-07	0	true
315           	smoothSolver	6.535090e-06	6.535090e-06	0	6.646090e-06	6.646090e-06	0	2.207120e-07	2.207120e-07	0	false	GAMG	9.975300e-07	9.975300e-07	0	true
316           	smoothSolver	6.437670e-06	6.437670e-06	0	6.546210e-06	6.546210e-06	0	2.159600e-07	2.159600e-07	0	false	GAMG	1.002880e-06	9.755030e-07	2	true
317           	smoothSolver	6.691630e-06	6.691630e-06	0	6.728710e-06	6.728710e-06	0	2.106980e-07	2.106980e-07	0	false	GAMG	9.739590e-07	9.739590e-07	0	true
318           	smoothSolver	6.319470e-06	6.319470e-06	0	6.343740e-06	6.343740e-06	0	2.057020e-07	2.057020e-07	0	false	GAMG	9.760020e-07	9.760020e-07	0	true
319           	smoothSolver	6.155450e-06	6.155450e-06	0	6.186930e-06	6.186930e-06	0	2.013050e-07	2.013050e-07	0	false	GAMG	9.778340e-07	9.778340e-07	0	true
320           	smoothSolver	6.053700e-06	6.053700e-06	0	6.089610e-06	6.089610e-06	0	1.970100e-07	1.970100e-07	0	false	GAMG	9.793850e-07	9.793850e-07	0	true
321           	smoothSolver	5.952800e-06	5.952800e-06	0	5.991940e-06	5.991940e-06	0	1.928220e-07	1.928220e-07	0	false	GAMG	9.809490e-07	9.809490e-07	0	true
322           	smoothSolver	5.861570e-06	5.861570e-06	0	5.903180e-06	5.903180e-06	0	1.887300e-07	1.887300e-07	0	false	GAMG	9.826750e-07	9.826750e-07	0	true
323           	smoothSolver	5.773700e-06	5.773700e-06	0	5.817520e-06	5.817520e-06	0	1.847340e-07	1.847340e-07	0	false	GAMG	9.845610e-07	9.845610e-07	0	true
324           	smoothSolver	5.689280e-06	5.689280e-06	0	5.734990e-06	5.734990e-06	0	1.808320e-07	1.808320e-07	0	false	GAMG	9.866000e-07	9.866000e-07	0	true
325           	smoothSolver	5.607240e-06	5.607240e-06	0	5.654600e-06	5.654600e-06	0	1.770230e-07	1.770230e-07	0	false	GAMG	9.887850e-07	9.887850e-07	0	true
326           	smoothSolver	5.526800e-06	5.526800e-06	0	5.576040e-06	5.576040e-06	0	1.733000e-07	1.733000e-07	0	false	GAMG	9.909070e-07	9.909070e-07	0	true
327           	smoothSolver	5.448320e-06	5.448320e-06	0	5.499180e-06	5.499180e-06	0	1.696740e-07	1.696740e-07	0	false	GAMG	9.928980e-07	9.928980e-07	0	true
328           	smoothSolver	5.371580e-06	5.371580e-06	0	5.424540e-06	5.424540e-06	0	1.661310e-07	1.661310e-07	0	false	GAMG	9.950510e-07	9.950510e-07	0	true
329           	smoothSolver	5.296330e-06	5.296330e-06	0	5.351290e-06	5.351290e-06	0	1.626720e-07	1.626720e-07	0	false	GAMG	9.974640e-07	9.974640e-07	0	true
330           	smoothSolver	5.222380e-06	5.222380e-06	0	5.279110e-06	5.279110e-06	0	1.592990e-07	1.592990e-07	0	false	GAMG	1.000060e-06	9.395990e-07	2	true
331           	smoothSolver	5.732540e-06	5.732540e-06	0	5.726080e-06	5.726080e-06	0	1.546320e-07	1.546320e-07	0	false	GAMG	9.427230e-07	9.427230e-07	0	true
332           	smoothSolver	5.241520e-06	5.241520e-06	0	5.199000e-06	5.199000e-06	0	1.508570e-07	1.508570e-07	0	false	GAMG	9.424770e-07	9.424770e-07	0	true
333           	smoothSolver	5.053300e-06	5.053300e-06	0	5.015180e-06	5.015180e-06	0	1.477330e-07	1.477330e-07	0	false	GAMG	9.424470e-07	9.424470e-07	0	true
334           	smoothSolver	4.950810e-06	4.950810e-06	0	4.917570e-06	4.917570e-06	0	1.446860e-07	1.446860e-07	0	false	GAMG	9.423740e-07	9.423740e-07	0	true
335           	smoothSolver	4.850060e-06	4.850060e-06	0	4.821490e-06	4.821490e-06	0	1.417040e-07	1.417040e-07	0	false	GAMG	9.425380e-07	9.425380e-07	0	true
336           	smoothSolver	4.761190e-06	4.761190e-06	0	4.737060e-06	4.737060e-06	0	1.387870e-07	1.387870e-07	0	false	GAMG	9.428720e-07	9.428720e-07	0	true
337           	smoothSolver	4.675810e-06	4.675810e-06	0	4.656120e-06	4.656120e-06	0	1.359410e-07	1.359410e-07	0	false	GAMG	9.433240e-07	9.433240e-07	0	true
338           	smoothSolver	4.594140e-06	4.594140e-06	0	4.579470e-06	4.579470e-06	0	1.331710e-07	1.331710e-07	0	false	GAMG	9.438400e-07	9.438400e-07	0	true
339           	smoothSolver	4.515230e-06	4.515230e-06	0	4.505690e-06	4.505690e-06	0	1.304730e-07	1.304730e-07	0	false	GAMG	9.443330e-07	9.443330e-07	0	true
340           	smoothSolver	4.438920e-06	4.438920e-06	0	4.434290e-06	4.434290e-06	0	1.278350e-07	1.278350e-07	0	false	GAMG	9.447960e-07	9.447960e-07	0	true
341           	smoothSolver	4.364810e-06	4.364810e-06	0	4.364220e-06	4.364220e-06	0	1.252690e-07	1.252690e-07	0	false	GAMG	9.450620e-07	9.450620e-07	0	true
342           	smoothSolver	4.292640e-06	4.292640e-06	0	4.295410e-06	4.295410e-06	0	1.227630e-07	1.227630e-07	0	false	GAMG	9.450650e-07	9.450650e-07	0	true
343           	smoothSolver	4.221980e-06	4.221980e-06	0	4.227770e-06	4.227770e-06	0	1.203230e-07	1.203230e-07	0	false	GAMG	9.447630e-07	9.447630e-07	0	true
344           	smoothSolver	4.152710e-06	4.152710e-06	0	4.162020e-06	4.162020e-06	0	1.179500e-07	1.179500e-07	0	false	GAMG	9.443400e-07	9.443400e-07	0	true
345           	smoothSolver	4.084960e-06	4.084960e-06	0	4.098180e-06	4.098180e-06	0	1.156460e-07	1.156460e-07	0	false	GAMG	9.439510e-07	9.439510e-07	0	true
346           	smoothSolver	4.018430e-06	4.018430e-06	0	4.035570e-06	4.035570e-06	0	1.134070e-07	1.134070e-07	0	false	GAMG	9.437440e-07	9.437440e-07	0	true
347           	smoothSolver	3.952880e-06	3.952880e-06	0	3.973890e-06	3.973890e-06	0	1.112260e-07	1.112260e-07	0	false	GAMG	9.438110e-07	9.438110e-07	0	true
348           	smoothSolver	3.887740e-06	3.887740e-06	0	3.912930e-06	3.912930e-06	0	1.091020e-07	1.091020e-07	0	false	GAMG	9.439910e-07	9.439910e-07	0	true
349           	smoothSolver	3.822860e-06	3.822860e-06	0	3.852370e-06	3.852370e-06	0	1.070290e-07	1.070290e-07	0	false	GAMG	9.442580e-07	9.442580e-07	0	true
350           	smoothSolver	3.758550e-06	3.758550e-06	0	3.792020e-06	3.792020e-06	0	1.050090e-07	1.050090e-07	0	false	GAMG	9.446610e-07	9.446610e-07	0	true
351           	smoothSolver	3.694990e-06	3.694990e-06	0	3.732250e-06	3.732250e-06	0	1.030460e-07	1.030460e-07	0	false	GAMG	9.451710e-07	9.451710e-07	0	true
352           	smoothSolver	3.632420e-06	3.632420e-06	0	3.673670e-06	3.673670e-06	0	1.011390e-07	1.011390e-07	0	false	GAMG	9.458270e-07	9.458270e-07	0	true
353           	smoothSolver	3.570660e-06	3.570660e-06	0	3.616510e-06	3.616510e-06	0	9.928580e-08	9.928580e-08	0	false	GAMG	9.466940e-07	9.466940e-07	0	true
354           	smoothSolver	3.509650e-06	3.509650e-06	0	3.560390e-06	3.560390e-06	0	9.747780e-08	9.747780e-08	0	false	GAMG	9.478890e-07	9.478890e-07	0	true
355           	smoothSolver	3.449450e-06	3.449450e-06	0	3.504890e-06	3.504890e-06	0	9.572160e-08	9.572160e-08	0	false	GAMG	9.495060e-07	9.495060e-07	0	true
356           	smoothSolver	3.389660e-06	3.389660e-06	0	3.449690e-06	3.449690e-06	0	9.400780e-08	9.400780e-08	0	false	GAMG	9.513760e-07	9.513760e-07	0	true
357           	smoothSolver	3.330300e-06	3.330300e-06	0	3.394610e-06	3.394610e-06	0	9.234140e-08	9.234140e-08	0	false	GAMG	9.535110e-07	9.535110e-07	0	true
358           	smoothSolver	3.271680e-06	3.271680e-06	0	3.339630e-06	3.339630e-06	0	9.072280e-08	9.072280e-08	0	false	GAMG	9.559050e-07	9.559050e-07	0	true
359           	smoothSolver	3.213620e-06	3.213620e-06	0	3.285290e-06	3.285290e-06	0	8.915180e-08	8.915180e-08	0	false	GAMG	9.585820e-07	9.585820e-07	0	true
360           	smoothSolver	3.156470e-06	3.156470e-06	0	3.232280e-06	3.232280e-06	0	8.762000e-08	8.762000e-08	0	false	GAMG	9.615510e-07	9.615510e-07	0	true
361           	smoothSolver	3.100100e-06	3.100100e-06	0	3.180480e-06	3.180480e-06	0	8.612330e-08	8.612330e-08	0	false	GAMG	9.648790e-07	9.648790e-07	0	true
362           	smoothSolver	3.044620e-06	3.044620e-06	0	3.129480e-06	3.129480e-06	0	8.466630e-08	8.466630e-08	0	false	GAMG	9.686800e-07	9.686800e-07	0	true
363           	smoothSolver	2.990160e-06	2.990160e-06	0	3.078820e-06	3.078820e-06	0	8.324450e-08	8.324450e-08	0	false	GAMG	9.728120e-07	9.728120e-07	0	true
364           	smoothSolver	2.936600e-06	2.936600e-06	0	3.028430e-06	3.028430e-06	0	8.186240e-08	8.186240e-08	0	false	GAMG	9.773020e-07	9.773020e-07	0	true
365           	smoothSolver	2.883740e-06	2.883740e-06	0	2.978070e-06	2.978070e-06	0	8.051740e-08	8.051740e-08	0	false	GAMG	9.820930e-07	9.820930e-07	0	true
366           	smoothSolver	2.831670e-06	2.831670e-06	0	2.928160e-06	2.928160e-06	0	7.920110e-08	7.920110e-08	0	false	GAMG	9.871330e-07	9.871330e-07	0	true
367           	smoothSolver	2.780350e-06	2.780350e-06	0	2.879230e-06	2.879230e-06	0	7.791970e-08	7.791970e-08	0	false	GAMG	9.923820e-07	9.923820e-07	0	true
368           	smoothSolver	2.730060e-06	2.730060e-06	0	2.831500e-06	2.831500e-06	0	7.667250e-08	7.667250e-08	0	false	GAMG	9.978190e-07	9.978190e-07	0	true
369           	smoothSolver	2.680620e-06	2.680620e-06	0	2.784720e-06	2.784720e-06	0	7.545640e-08	7.545640e-08	0	false	GAMG	1.003490e-06	9.796170e-07	4	true
370           	smoothSolver	5.581350e-06	5.581350e-06	0	5.333980e-06	5.333980e-06	0	7.865690e-08	7.865690e-08	0	false	GAMG	9.024530e-07	9.024530e-07	0	true
371           	smoothSolver	4.214570e-06	4.214570e-06	0	3.875490e-06	3.875490e-06	0	7.146890e-08	7.146890e-08	0	false	GAMG	9.053620e-07	9.053620e-07	0	true
372           	smoothSolver	3.723590e-06	3.723590e-06	0	3.389900e-06	3.389900e-06	0	6.991010e-08	6.991010e-08	0	false	GAMG	9.101600e-07	9.101600e-07	0	true
373           	smoothSolver	3.457290e-06	3.457290e-06	0	3.144620e-06	3.144620e-06	0	6.892020e-08	6.892020e-08	0	false	GAMG	9.152800e-07	9.152800e-07	0	true
374           	smoothSolver	3.250920e-06	3.250920e-06	0	2.962010e-06	2.962010e-06	0	6.792870e-08	6.792870e-08	0	false	GAMG	9.205230e-07	9.205230e-07	0	true
375           	smoothSolver	3.085060e-06	3.085060e-06	0	2.819230e-06	2.819230e-06	0	6.693420e-08	6.693420e-08	0	false	GAMG	9.255140e-07	9.255140e-07	0	true
376           	smoothSolver	2.942240e-06	2.942240e-06	0	2.699400e-06	2.699400e-06	0	6.594170e-08	6.594170e-08	0	false	GAMG	9.300430e-07	9.300430e-07	0	true
377           	smoothSolver	2.816810e-06	2.816810e-06	0	2.595350e-06	2.595350e-06	0	6.495960e-08	6.495960e-08	0	false	GAMG	9.338500e-07	9.338500e-07	0	true
378           	smoothSolver	2.703430e-06	2.703430e-06	0	2.504290e-06	2.504290e-06	0	6.399500e-08	6.399500e-08	0	false	GAMG	9.373110e-07	9.373110e-07	0	true
379           	smoothSolver	2.599170e-06	2.599170e-06	0	2.424070e-06	2.424070e-06	0	6.303330e-08	6.303330e-08	0	false	GAMG	9.404780e-07	9.404780e-07	0	true
380           	smoothSolver	2.505150e-06	2.505150e-06	0	2.353060e-06	2.353060e-06	0	6.208100e-08	6.208100e-08	0	false	GAMG	9.433060e-07	9.433060e-07	0	true
381           	smoothSolver	2.421380e-06	2.421380e-06	0	2.288170e-06	2.288170e-06	0	6.114430e-08	6.114430e-08	0	false	GAMG	9.457920e-07	9.457920e-07	0	true
382           	smoothSolver	2.346960e-06	2.346960e-06	0	2.228890e-06	2.228890e-06	0	6.021930e-08	6.021930e-08	0	false	GAMG	9.481170e-07	9.481170e-07	0	true
383           	smoothSolver	2.280450e-06	2.280450e-06	0	2.174430e-06	2.174430e-06	0	5.931100e-08	5.931100e-08	0	false	GAMG	9.506310e-07	9.506310e-07	0	true
384           	smoothSolver	2.220050e-06	2.220050e-06	0	2.123920e-06	2.123920e-06	0	5.842320e-08	5.842320e-08	0	false	GAMG	9.531050e-07	9.531050e-07	0	true
385           	smoothSolver	2.164890e-06	2.164890e-06	0	2.076650e-06	2.076650e-06	0	5.755420e-08	5.755420e-08	0	false	GAMG	9.554300e-07	9.554300e-07	0	true
386           	smoothSolver	2.114190e-06	2.114190e-06	0	2.032610e-06	2.032610e-06	0	5.670230e-08	5.670230e-08	0	false	GAMG	9.575960e-07	9.575960e-07	0	true
387           	smoothSolver	2.068180e-06	2.068180e-06	0	1.991630e-06	1.991630e-06	0	5.586680e-08	5.586680e-08	0	false	GAMG	9.595730e-07	9.595730e-07	0	true
388           	smoothSolver	2.025220e-06	2.025220e-06	0	1.952750e-06	1.952750e-06	0	5.504620e-08	5.504620e-08	0	false	GAMG	9.613060e-07	9.613060e-07	0	true
389           	smoothSolver	1.984320e-06	1.984320e-06	0	1.915810e-06	1.915810e-06	0	5.424090e-08	5.424090e-08	0	false	GAMG	9.628300e-07	9.628300e-07	0	true
390           	smoothSolver	1.945050e-06	1.945050e-06	0	1.881200e-06	1.881200e-06	0	5.345030e-08	5.345030e-08	0	false	GAMG	9.640330e-07	9.640330e-07	0	true
391           	smoothSolver	1.907090e-06	1.907090e-06	0	1.848520e-06	1.848520e-06	0	5.267360e-08	5.267360e-08	0	false	GAMG	9.649700e-07	9.649700e-07	0	true
392           	smoothSolver	1.870510e-06	1.870510e-06	0	1.817170e-06	1.817170e-06	0	5.190880e-08	5.190880e-08	0	false	GAMG	9.656820e-07	9.656820e-07	0	true
393           	smoothSolver	1.835450e-06	1.835450e-06	0	1.787400e-06	1.787400e-06	0	5.115330e-08	5.115330e-08	0	false	GAMG	9.662790e-07	9.662790e-07	0	true
394           	smoothSolver	1.802200e-06	1.802200e-06	0	1.758800e-06	1.758800e-06	0	5.040610e-08	5.040610e-08	0	false	GAMG	9.667560e-07	9.667560e-07	0	true
395           	smoothSolver	1.770990e-06	1.770990e-06	0	1.731350e-06	1.731350e-06	0	4.966790e-08	4.966790e-08	0	false	GAMG	9.670720e-07	9.670720e-07	0	true
396           	smoothSolver	1.741720e-06	1.741720e-06	0	1.705180e-06	1.705180e-06	0	4.894280e-08	4.894280e-08	0	false	GAMG	9.673360e-07	9.673360e-07	0	true
397           	smoothSolver	1.714150e-06	1.714150e-06	0	1.680310e-06	1.680310e-06	0	4.823110e-08	4.823110e-08	0	false	GAMG	9.675730e-07	9.675730e-07	0	true
398           	smoothSolver	1.688160e-06	1.688160e-06	0	1.656690e-06	1.656690e-06	0	4.753330e-08	4.753330e-08	0	false	GAMG	9.677970e-07	9.677970e-07	0	true
399           	smoothSolver	1.663850e-06	1.663850e-06	0	1.634400e-06	1.634400e-06	0	4.684870e-08	4.684870e-08	0	false	GAMG	9.680400e-07	9.680400e-07	0	true
400           	smoothSolver	1.640460e-06	1.640460e-06	0	1.613210e-06	1.613210e-06	0	4.617450e-08	4.617450e-08	0	false	GAMG	9.682720e-07	9.682720e-07	0	true
401           	smoothSolver	1.618150e-06	1.618150e-06	0	1.592830e-06	1.592830e-06	0	4.550850e-08	4.550850e-08	0	false	GAMG	9.684260e-07	9.684260e-07	0	true
402           	smoothSolver	1.597130e-06	1.597130e-06	0	1.573160e-06	1.573160e-06	0	4.485060e-08	4.485060e-08	0	false	GAMG	9.685120e-07	9.685120e-07	0	true
403           	smoothSolver	1.577200e-06	1.577200e-06	0	1.554190e-06	1.554190e-06	0	4.420400e-08	4.420400e-08	0	false	GAMG	9.685160e-07	9.685160e-07	0	true
404           	smoothSolver	1.558190e-06	1.558190e-06	0	1.535920e-06	1.535920e-06	0	4.357170e-08	4.357170e-08	0	false	GAMG	9.684280e-07	9.684280e-07	0	true
405           	smoothSolver	1.539690e-06	1.539690e-06	0	1.518460e-06	1.518460e-06	0	4.294990e-08	4.294990e-08	0	false	GAMG	9.682500e-07	9.682500e-07	0	true
406           	smoothSolver	1.521740e-06	1.521740e-06	0	1.502010e-06	1.502010e-06	0	4.233620e-08	4.233620e-08	0	false	GAMG	9.679820e-07	9.679820e-07	0	true
407           	smoothSolver	1.504180e-06	1.504180e-06	0	1.486490e-06	1.486490e-06	0	4.173170e-08	4.173170e-08	0	false	GAMG	9.676550e-07	9.676550e-07	0	true
408           	smoothSolver	1.486970e-06	1.486970e-06	0	1.471770e-06	1.471770e-06	0	4.113380e-08	4.113380e-08	0	false	GAMG	9.672360e-07	9.672360e-07	0	true
409           	smoothSolver	1.470210e-06	1.470210e-06	0	1.457490e-06	1.457490e-06	0	4.054090e-08	4.054090e-08	0	false	GAMG	9.666860e-07	9.666860e-07	0	true
410           	smoothSolver	1.454050e-06	1.454050e-06	0	1.443390e-06	1.443390e-06	0	3.995250e-08	3.995250e-08	0	false	GAMG	9.660410e-07	9.660410e-07	0	true
411           	smoothSolver	1.438640e-06	1.438640e-06	0	1.429550e-06	1.429550e-06	0	3.937240e-08	3.937240e-08	0	false	GAMG	9.653180e-07	9.653180e-07	0	true
412           	smoothSolver	1.423850e-06	1.423850e-06	0	1.415970e-06	1.415970e-06	0	3.879890e-08	3.879890e-08	0	false	GAMG	9.645230e-07	9.645230e-07	0	true
413           	smoothSolver	1.409950e-06	1.409950e-06	0	1.402740e-06	1.402740e-06	0	3.823360e-08	3.823360e-08	0	false	GAMG	9.636460e-07	9.636460e-07	0	true
414           	smoothSolver	1.397010e-06	1.397010e-06	0	1.389950e-06	1.389950e-06	0	3.767720e-08	3.767720e-08	0	false	GAMG	9.627130e-07	9.627130e-07	0	true
415           	smoothSolver	1.384830e-06	1.384830e-06	0	1.377550e-06	1.377550e-06	0	3.712940e-08	3.712940e-08	0	false	GAMG	9.617050e-07	9.617050e-07	0	true
416           	smoothSolver	1.373190e-06	1.373190e-06	0	1.365390e-06	1.365390e-06	0	3.658570e-08	3.658570e-08	0	false	GAMG	9.605960e-07	9.605960e-07	0	true
417           	smoothSolver	1.362040e-06	1.362040e-06	0	1.353370e-06	1.353370e-06	0	3.604700e-08	3.604700e-08	0	false	GAMG	9.593900e-07	9.593900e-07	0	true
418           	smoothSolver	1.351150e-06	1.351150e-06	0	1.341440e-06	1.341440e-06	0	3.551620e-08	3.551620e-08	0	false	GAMG	9.580960e-07	9.580960e-07	0	true
419           	smoothSolver	1.340370e-06	1.340370e-06	0	1.329720e-06	1.329720e-06	0	3.499480e-08	3.499480e-08	0	false	GAMG	9.567570e-07	9.567570e-07	0	true
420           	smoothSolver	1.329550e-06	1.329550e-06	0	1.318320e-06	1.318320e-06	0	3.447980e-08	3.447980e-08	0	false	GAMG	9.553650e-07	9.553650e-07	0	true
421           	smoothSolver	1.318820e-06	1.318820e-06	0	1.307270e-06	1.307270e-06	0	3.397120e-08	3.397120e-08	0	false	GAMG	9.539070e-07	9.539070e-07	0	true
422           	smoothSolver	1.308070e-06	1.308070e-06	0	1.296370e-06	1.296370e-06	0	3.347070e-08	3.347070e-08	0	false	GAMG	9.523880e-07	9.523880e-07	0	true
423           	smoothSolver	1.297260e-06	1.297260e-06	0	1.285540e-06	1.285540e-06	0	3.297850e-08	3.297850e-08	0	false	GAMG	9.508050e-07	9.508050e-07	0	true
424           	smoothSolver	1.286400e-06	1.286400e-06	0	1.274690e-06	1.274690e-06	0	3.249210e-08	3.249210e-08	0	false	GAMG	9.491820e-07	9.491820e-07	0	true
425           	smoothSolver	1.275480e-06	1.275480e-06	0	1.263800e-06	1.263800e-06	0	3.201130e-08	3.201130e-08	0	false	GAMG	9.475030e-07	9.475030e-07	0	true
426           	smoothSolver	1.264450e-06	1.264450e-06	0	1.252910e-06	1.252910e-06	0	3.153750e-08	3.153750e-08	0	false	GAMG	9.457780e-07	9.457780e-07	0	true
427           	smoothSolver	1.253350e-06	1.253350e-06	0	1.242040e-06	1.242040e-06	0	3.107130e-08	3.107130e-08	0	false	GAMG	9.440100e-07	9.440100e-07	0	true
428           	smoothSolver	1.242250e-06	1.242250e-06	0	1.231170e-06	1.231170e-06	0	3.061200e-08	3.061200e-08	0	false	GAMG	9.422410e-07	9.422410e-07	0	true
429           	smoothSolver	1.231150e-06	1.231150e-06	0	1.220290e-06	1.220290e-06	0	3.015750e-08	3.015750e-08	0	false	GAMG	9.404970e-07	9.404970e-07	0	true
430           	smoothSolver	1.219970e-06	1.219970e-06	0	1.209340e-06	1.209340e-06	0	2.970830e-08	2.970830e-08	0	false	GAMG	9.387670e-07	9.387670e-07	0	true
431           	smoothSolver	1.208650e-06	1.208650e-06	0	1.198280e-06	1.198280e-06	0	2.926550e-08	2.926550e-08	0	false	GAMG	9.370490e-07	9.370490e-07	0	true
432           	smoothSolver	1.197200e-06	1.197200e-06	0	1.187080e-06	1.187080e-06	0	2.883040e-08	2.883040e-08	0	false	GAMG	9.353320e-07	9.353320e-07	0	true
433           	smoothSolver	1.185620e-06	1.185620e-06	0	1.175710e-06	1.175710e-06	0	2.840120e-08	2.840120e-08	0	false	GAMG	9.336420e-07	9.336420e-07	0	true
434           	smoothSolver	1.173950e-06	1.173950e-06	0	1.164250e-06	1.164250e-06	0	2.797740e-08	2.797740e-08	0	false	GAMG	9.319800e-07	9.319800e-07	0	true
435           	smoothSolver	1.162200e-06	1.162200e-06	0	1.152700e-06	1.152700e-06	0	2.755920e-08	2.755920e-08	0	false	GAMG	9.303410e-07	9.303410e-07	0	true
436           	smoothSolver	1.150350e-06	1.150350e-06	0	1.141050e-06	1.141050e-06	0	2.714580e-08	2.714580e-08	0	false	GAMG	9.287240e-07	9.287240e-07	0	true
437           	smoothSolver	1.138360e-06	1.138360e-06	0	1.129270e-06	1.129270e-06	0	2.673790e-08	2.673790e-08	0	false	GAMG	9.271260e-07	9.271260e-07	0	true
438           	smoothSolver	1.126230e-06	1.126230e-06	0	1.117320e-06	1.117320e-06	0	2.633480e-08	2.633480e-08	0	false	GAMG	9.255690e-07	9.255690e-07	0	true
439           	smoothSolver	1.113910e-06	1.113910e-06	0	1.105220e-06	1.105220e-06	0	2.593740e-08	2.593740e-08	0	false	GAMG	9.240750e-07	9.240750e-07	0	true
440           	smoothSolver	1.101460e-06	1.101460e-06	0	1.092970e-06	1.092970e-06	0	2.554510e-08	2.554510e-08	0	false	GAMG	9.226330e-07	9.226330e-07	0	true
441           	smoothSolver	1.088880e-06	1.088880e-06	0	1.080570e-06	1.080570e-06	0	2.515770e-08	2.515770e-08	0	false	GAMG	9.212320e-07	9.212320e-07	0	true
442           	smoothSolver	1.076200e-06	1.076200e-06	0	1.068090e-06	1.068090e-06	0	2.477380e-08	2.477380e-08	0	false	GAMG	9.198540e-07	9.198540e-07	0	true
443           	smoothSolver	1.063410e-06	1.063410e-06	0	1.055540e-06	1.055540e-06	0	2.439420e-08	2.439420e-08	0	false	GAMG	9.185150e-07	9.185150e-07	0	true
444           	smoothSolver	1.050490e-06	1.050490e-06	0	1.042890e-06	1.042890e-06	0	2.401760e-08	2.401760e-08	0	false	GAMG	9.172410e-07	9.172410e-07	0	true
445           	smoothSolver	1.037470e-06	1.037470e-06	0	1.030180e-06	1.030180e-06	0	2.364430e-08	2.364430e-08	0	false	GAMG	9.160370e-07	9.160370e-07	0	true
446           	smoothSolver	1.024310e-06	1.024310e-06	0	1.017380e-06	1.017380e-06	0	2.327660e-08	2.327660e-08	0	false	GAMG	9.148850e-07	9.148850e-07	0	true
447           	smoothSolver	1.010990e-06	1.010990e-06	0	1.004470e-06	1.004470e-06	0	2.291350e-08	2.291350e-08	0	false	GAMG	9.137720e-07	9.137720e-07	0	true
448           	smoothSolver	9.975650e-07	9.975650e-07	0	9.914980e-07	9.914980e-07	0	2.255500e-08	2.255500e-08	0	false	GAMG	9.126920e-07	9.126920e-07	0	true
