# Solver information
# Time        	U_solver      	Ux_initial    	Ux_final      	Ux_iters      	Uy_initial    	Uy_final      	Uy_iters      	Uz_initial    	Uz_final      	Uz_iters      	U_converged   
1             	smoothSolver	1.938290e-01	1.655880e-02	1	1.934780e-01	1.612290e-02	1	1.000000e+00	2.169120e-02	2	false
2             	smoothSolver	5.741470e-01	4.484930e-02	2	5.741870e-01	4.485680e-02	2	2.348670e-01	1.064760e-02	2	false
3             	smoothSolver	3.411740e-01	2.613730e-02	2	3.411160e-01	2.613620e-02	2	1.574600e-01	1.021420e-02	2	false
4             	smoothSolver	1.726610e-01	1.290350e-02	2	1.728190e-01	1.291770e-02	2	9.396740e-02	6.284790e-03	2	false
5             	smoothSolver	6.148010e-02	4.407020e-03	2	6.161590e-02	4.419970e-03	2	4.879470e-02	2.921190e-03	2	false
6             	smoothSolver	2.517690e-02	1.665210e-03	2	2.515600e-02	1.664020e-03	2	4.051180e-02	2.593000e-03	2	false
7             	smoothSolver	2.664850e-02	1.703550e-03	2	2.687670e-02	1.724440e-03	2	2.889680e-02	1.930980e-03	2	false
8             	smoothSolver	3.925560e-02	3.012950e-03	2	3.939650e-02	3.025990e-03	2	2.495160e-02	1.852450e-03	2	false
9             	smoothSolver	5.107480e-02	4.122620e-03	2	5.107130e-02	4.122260e-03	2	2.587200e-02	2.092660e-03	2	false
10            	smoothSolver	4.251270e-02	3.389310e-03	2	4.267490e-02	3.403290e-03	2	2.132780e-02	1.645500e-03	2	false
11            	smoothSolver	2.470300e-02	1.907010e-03	2	2.479390e-02	1.915290e-03	2	1.817090e-02	1.294550e-03	2	false
12            	smoothSolver	1.611340e-02	1.192830e-03	2	1.612610e-02	1.194020e-03	2	1.697900e-02	1.213400e-03	2	false
13            	smoothSolver	1.745740e-02	1.292140e-03	2	1.758690e-02	1.303140e-03	2	1.443410e-02	1.059610e-03	2	false
14            	smoothSolver	1.983510e-02	1.512570e-03	2	1.988660e-02	1.517440e-03	2	1.240270e-02	9.633770e-04	2	false
15            	smoothSolver	2.049450e-02	1.615980e-03	2	2.050740e-02	1.617110e-03	2	1.156880e-02	9.250360e-04	2	false
16            	smoothSolver	1.859120e-02	1.487660e-03	2	1.867520e-02	1.494750e-03	2	1.088330e-02	8.484940e-04	2	false
17            	smoothSolver	1.433090e-02	1.139520e-03	2	1.435540e-02	1.142180e-03	2	1.052690e-02	7.942420e-04	2	false
18            	smoothSolver	1.202140e-02	9.514390e-04	2	1.203160e-02	9.524980e-04	2	1.003680e-02	7.567900e-04	2	false
19            	smoothSolver	1.200240e-02	9.508950e-04	2	1.206010e-02	9.556600e-04	2	9.035590e-03	6.944890e-04	2	false
20            	smoothSolver	1.186450e-02	9.394190e-04	2	1.187920e-02	9.408450e-04	2	8.127450e-03	6.388300e-04	2	false
21            	smoothSolver	1.131450e-02	9.157860e-04	2	1.132380e-02	9.166270e-04	2	7.585550e-03	6.019960e-04	2	false
22            	smoothSolver	1.050540e-02	8.650430e-04	2	1.054230e-02	8.680340e-04	2	7.294840e-03	5.733040e-04	2	false
23            	smoothSolver	9.250140e-03	7.599490e-04	2	9.256540e-03	7.605120e-04	2	7.113530e-03	5.527270e-04	2	false
24            	smoothSolver	8.573020e-03	7.001790e-04	2	8.579740e-03	7.007860e-04	2	6.807400e-03	5.283530e-04	2	false
25            	smoothSolver	8.341370e-03	6.778770e-04	2	8.365630e-03	6.798530e-04	2	6.346650e-03	4.969600e-04	2	false
26            	smoothSolver	7.954160e-03	6.463520e-04	2	7.958380e-03	6.467280e-04	2	5.899160e-03	4.665650e-04	2	false
27            	smoothSolver	7.561590e-03	6.218340e-04	2	7.567470e-03	6.223150e-04	2	5.584640e-03	4.431610e-04	2	false
28            	smoothSolver	7.175730e-03	5.938100e-04	2	7.191750e-03	5.951440e-04	2	5.384190e-03	4.259080e-04	2	false
29            	smoothSolver	6.716280e-03	5.548540e-04	2	6.717260e-03	5.549690e-04	2	5.206220e-03	4.103940e-04	2	false
30            	smoothSolver	6.448960e-03	5.308950e-04	2	6.452780e-03	5.311850e-04	2	4.986930e-03	3.932870e-04	2	false
31            	smoothSolver	6.229930e-03	5.108970e-04	2	6.238980e-03	5.115820e-04	2	4.733020e-03	3.748240e-04	2	false
32            	smoothSolver	5.949510e-03	4.885290e-04	2	5.951070e-03	4.886400e-04	2	4.492450e-03	3.572760e-04	2	false
33            	smoothSolver	5.685440e-03	4.709420e-04	2	5.688230e-03	4.711640e-04	2	4.295390e-03	3.421810e-04	2	false
34            	smoothSolver	5.442240e-03	4.527760e-04	2	5.448230e-03	4.532460e-04	2	4.139480e-03	3.293250e-04	2	false
35            	smoothSolver	5.213760e-03	4.336670e-04	2	5.213430e-03	4.336290e-04	2	3.997140e-03	3.176140e-04	2	false
36            	smoothSolver	5.033900e-03	4.187210e-04	2	5.035370e-03	4.188190e-04	2	3.845830e-03	3.057780e-04	2	false
37            	smoothSolver	4.840410e-03	4.022650e-04	2	4.843190e-03	4.024510e-04	2	3.686850e-03	2.936810e-04	2	false
38            	smoothSolver	4.641880e-03	3.852170e-04	2	4.641500e-03	3.851450e-04	2	3.535160e-03	2.820940e-04	2	false
39            	smoothSolver	4.465590e-03	3.702790e-04	2	4.466420e-03	3.703240e-04	2	3.402170e-03	2.716670e-04	2	false
40            	smoothSolver	4.292400e-03	3.568260e-04	2	4.293550e-03	3.569020e-04	2	3.285540e-03	2.623500e-04	2	false
41            	smoothSolver	4.130320e-03	3.443810e-04	2	4.129860e-03	3.443190e-04	2	3.174850e-03	2.534950e-04	2	false
42            	smoothSolver	3.987950e-03	3.326360e-04	2	3.988170e-03	3.326300e-04	2	3.063420e-03	2.447340e-04	2	false
43            	smoothSolver	3.843710e-03	3.206060e-04	2	3.843960e-03	3.205940e-04	2	2.952040e-03	2.360600e-04	2	false
44            	smoothSolver	3.706050e-03	3.089820e-04	2	3.705590e-03	3.089140e-04	2	2.845760e-03	2.277730e-04	2	false
45            	smoothSolver	3.584480e-03	2.987900e-04	2	3.584540e-03	2.987680e-04	2	2.747610e-03	2.200440e-04	2	false
46            	smoothSolver	3.460490e-03	2.883870e-04	2	3.460510e-03	2.883620e-04	2	2.656490e-03	2.128120e-04	2	false
47            	smoothSolver	3.341650e-03	2.783840e-04	2	3.341300e-03	2.783310e-04	2	2.569320e-03	2.058940e-04	2	false
48            	smoothSolver	3.237690e-03	2.696310e-04	2	3.237570e-03	2.695960e-04	2	2.484180e-03	1.991720e-04	2	false
49            	smoothSolver	3.141500e-03	2.615800e-04	2	3.141380e-03	2.615420e-04	2	2.401430e-03	1.926620e-04	2	false
50            	smoothSolver	3.044150e-03	2.536700e-04	2	3.043760e-03	2.536060e-04	2	2.322340e-03	1.864310e-04	2	false
51            	smoothSolver	2.947970e-03	2.457660e-04	2	2.947660e-03	2.457110e-04	2	2.247550e-03	1.805160e-04	2	false
52            	smoothSolver	2.852470e-03	2.378750e-04	2	2.852200e-03	2.378270e-04	2	2.176570e-03	1.748840e-04	2	false
53            	smoothSolver	2.762330e-03	2.304270e-04	2	2.762060e-03	2.303800e-04	2	2.108430e-03	1.694760e-04	2	false
54            	smoothSolver	2.678360e-03	2.234990e-04	2	2.678070e-03	2.234550e-04	2	2.042560e-03	1.642570e-04	2	false
55            	smoothSolver	2.607610e-03	2.173040e-04	2	2.607200e-03	2.172500e-04	2	1.979130e-03	1.592320e-04	2	false
56            	smoothSolver	2.550580e-03	2.120090e-04	2	2.550230e-03	2.119590e-04	2	1.918500e-03	1.544190e-04	2	false
57            	smoothSolver	2.503310e-03	2.075160e-04	2	2.503110e-03	2.074780e-04	2	1.860580e-03	1.498130e-04	2	false
58            	smoothSolver	2.461010e-03	2.034820e-04	2	2.460830e-03	2.034520e-04	2	1.805040e-03	1.453920e-04	2	false
59            	smoothSolver	2.421330e-03	1.996310e-04	2	2.421050e-03	1.995890e-04	2	1.751540e-03	1.411320e-04	2	false
60            	smoothSolver	2.381460e-03	1.958560e-04	2	2.381150e-03	1.958170e-04	2	1.699780e-03	1.370150e-04	2	false
61            	smoothSolver	2.340400e-03	1.921220e-04	2	2.340090e-03	1.920840e-04	2	1.649810e-03	1.330410e-04	2	false
62            	smoothSolver	2.295430e-03	1.882950e-04	2	2.295120e-03	1.882570e-04	2	1.601680e-03	1.292110e-04	2	false
63            	smoothSolver	2.247950e-03	1.842680e-04	2	2.247720e-03	1.842370e-04	2	1.555320e-03	1.255210e-04	2	false
64            	smoothSolver	2.200700e-03	1.801150e-04	2	2.200480e-03	1.800850e-04	2	1.510650e-03	1.219640e-04	2	false
65            	smoothSolver	2.150670e-03	1.759320e-04	2	2.150430e-03	1.758990e-04	2	1.467520e-03	1.185310e-04	2	false
66            	smoothSolver	2.097510e-03	1.717250e-04	2	2.097260e-03	1.716950e-04	2	1.425840e-03	1.152140e-04	2	false
67            	smoothSolver	2.044580e-03	1.674790e-04	2	2.044340e-03	1.674480e-04	2	1.385580e-03	1.120100e-04	2	false
68            	smoothSolver	1.994640e-03	1.632250e-04	2	1.994370e-03	1.631930e-04	2	1.346730e-03	1.089140e-04	2	false
69            	smoothSolver	1.944770e-03	1.589860e-04	2	1.944540e-03	1.589570e-04	2	1.309220e-03	1.059240e-04	2	false
70            	smoothSolver	1.894690e-03	1.548090e-04	2	1.894540e-03	1.547870e-04	2	1.272950e-03	1.030320e-04	2	false
71            	smoothSolver	1.844300e-03	1.506470e-04	2	1.844120e-03	1.506210e-04	2	1.237860e-03	1.002340e-04	2	false
72            	smoothSolver	1.794280e-03	1.465730e-04	2	1.794010e-03	1.465400e-04	2	1.203930e-03	9.752740e-05	2	false
73            	smoothSolver	1.744690e-03	1.425650e-04	2	1.744430e-03	1.425320e-04	2	1.171100e-03	9.490780e-05	2	false
74            	smoothSolver	1.695110e-03	1.386420e-04	2	1.694890e-03	1.386100e-04	2	1.139350e-03	9.237330e-05	2	false
75            	smoothSolver	1.646360e-03	1.350550e-04	2	1.646190e-03	1.350280e-04	2	1.108620e-03	8.992020e-05	2	false
76            	smoothSolver	1.598590e-03	1.317270e-04	2	1.598430e-03	1.317000e-04	2	1.078870e-03	8.754640e-05	2	false
77            	smoothSolver	1.552560e-03	1.284630e-04	2	1.552370e-03	1.284330e-04	2	1.050070e-03	8.524830e-05	2	false
78            	smoothSolver	1.510470e-03	1.252610e-04	2	1.510240e-03	1.252230e-04	2	1.022180e-03	8.302490e-05	2	false
79            	smoothSolver	1.472810e-03	1.221730e-04	2	1.472590e-03	1.221380e-04	2	9.952010e-04	8.087530e-05	2	false
80            	smoothSolver	1.437090e-03	1.192180e-04	2	1.436930e-03	1.191900e-04	2	9.690970e-04	7.879850e-05	2	false
81            	smoothSolver	1.402440e-03	1.163040e-04	2	1.402300e-03	1.162790e-04	2	9.438090e-04	7.680360e-05	2	false
82            	smoothSolver	1.368330e-03	1.133740e-04	2	1.368190e-03	1.133470e-04	2	9.193190e-04	7.489010e-05	2	false
83            	smoothSolver	1.334450e-03	1.104520e-04	2	1.334240e-03	1.104220e-04	2	8.955980e-04	7.304920e-05	2	false
84            	smoothSolver	1.300740e-03	1.075840e-04	2	1.300540e-03	1.075540e-04	2	8.726490e-04	7.126560e-05	2	false
85            	smoothSolver	1.267460e-03	1.047340e-04	2	1.267340e-03	1.047090e-04	2	8.504780e-04	6.953700e-05	2	false
86            	smoothSolver	1.234840e-03	1.019750e-04	2	1.234700e-03	1.019500e-04	2	8.292510e-04	6.786130e-05	2	false
87            	smoothSolver	1.201460e-03	9.927360e-05	2	1.201350e-03	9.924970e-05	2	8.090010e-04	6.623710e-05	2	false
88            	smoothSolver	1.167510e-03	9.660730e-05	2	1.167390e-03	9.658400e-05	2	7.894150e-04	6.466320e-05	2	false
89            	smoothSolver	1.134210e-03	9.392630e-05	2	1.134030e-03	9.389860e-05	2	7.704450e-04	6.313770e-05	2	false
90            	smoothSolver	1.102360e-03	9.126770e-05	2	1.102180e-03	9.123880e-05	2	7.520760e-04	6.165880e-05	2	false
91            	smoothSolver	1.071620e-03	8.867250e-05	2	1.071470e-03	8.864600e-05	2	7.342680e-04	6.022800e-05	2	false
92            	smoothSolver	1.041940e-03	8.617110e-05	2	1.041810e-03	8.614800e-05	2	7.169980e-04	5.884010e-05	2	false
93            	smoothSolver	1.013030e-03	8.374660e-05	2	1.012930e-03	8.372690e-05	2	7.002490e-04	5.749540e-05	2	false
94            	smoothSolver	9.849510e-04	8.144540e-05	2	9.848150e-04	8.142230e-05	2	6.839900e-04	5.619020e-05	2	false
95            	smoothSolver	9.585510e-04	7.927930e-05	2	9.584240e-04	7.925720e-05	2	6.682030e-04	5.492390e-05	2	false
96            	smoothSolver	9.339560e-04	7.723080e-05	2	9.338210e-04	7.720700e-05	2	6.528790e-04	5.369500e-05	2	false
97            	smoothSolver	9.105150e-04	7.529220e-05	2	9.104000e-04	7.526990e-05	2	6.379990e-04	5.250260e-05	2	false
98            	smoothSolver	8.876380e-04	7.346010e-05	2	8.875300e-04	7.343830e-05	2	6.235550e-04	5.134560e-05	2	false
99            	smoothSolver	8.647080e-04	7.168240e-05	2	8.646270e-04	7.166180e-05	2	6.095640e-04	5.022330e-05	2	false
100           	smoothSolver	8.421070e-04	6.993480e-05	2	8.420090e-04	6.991380e-05	2	5.959930e-04	4.913840e-05	2	false
101           	smoothSolver	8.207970e-04	6.822580e-05	2	8.206520e-04	6.820150e-05	2	5.828120e-04	4.809360e-05	2	false
102           	smoothSolver	8.008750e-04	6.655360e-05	2	8.007820e-04	6.653430e-05	2	5.699960e-04	4.710980e-05	2	false
103           	smoothSolver	7.819740e-04	6.490930e-05	2	7.819010e-04	6.489290e-05	2	5.576080e-04	4.616630e-05	2	false
104           	smoothSolver	7.634320e-04	6.327610e-05	2	7.633270e-04	6.325690e-05	2	5.456790e-04	4.525020e-05	2	false
105           	smoothSolver	7.447510e-04	6.163570e-05	2	7.446770e-04	6.161930e-05	2	5.343580e-04	4.436130e-05	2	false
106           	smoothSolver	7.260280e-04	6.000930e-05	2	7.259080e-04	5.998970e-05	2	5.236860e-04	4.350170e-05	2	false
107           	smoothSolver	7.072180e-04	5.841800e-05	2	7.071750e-04	5.840540e-05	2	5.133420e-04	4.266960e-05	2	false
108           	smoothSolver	6.886580e-04	5.687510e-05	2	6.885880e-04	5.685920e-05	2	5.033210e-04	4.186190e-05	2	false
109           	smoothSolver	6.710470e-04	5.541470e-05	2	6.709430e-04	5.539720e-05	2	4.935880e-04	4.107730e-05	2	false
110           	smoothSolver	6.537990e-04	5.404010e-05	2	6.537090e-04	5.402310e-05	2	4.841190e-04	4.031460e-05	2	false
111           	smoothSolver	6.360120e-04	5.270600e-05	2	6.359530e-04	5.269190e-05	2	4.749150e-04	3.957480e-05	2	false
112           	smoothSolver	6.185760e-04	5.140140e-05	2	6.185080e-04	5.138540e-05	2	4.659770e-04	3.886320e-05	2	false
113           	smoothSolver	6.025880e-04	5.011470e-05	2	6.024900e-04	5.009780e-05	2	4.572870e-04	3.819010e-05	2	false
114           	smoothSolver	5.878270e-04	4.887920e-05	2	5.877470e-04	4.886270e-05	2	4.488960e-04	3.756280e-05	2	false
115           	smoothSolver	5.738380e-04	4.770060e-05	2	5.737940e-04	4.768810e-05	2	4.408710e-04	3.695620e-05	2	false
116           	smoothSolver	5.603400e-04	4.656630e-05	2	5.603140e-04	4.655550e-05	2	4.332850e-04	3.636910e-05	2	false
117           	smoothSolver	5.470820e-04	4.542880e-05	2	5.469960e-04	4.541290e-05	2	4.262450e-04	3.580020e-05	2	false
118           	smoothSolver	5.339510e-04	4.428800e-05	2	5.338360e-04	4.427030e-05	2	4.194090e-04	3.524690e-05	2	false
119           	smoothSolver	5.208230e-04	4.316530e-05	2	5.207490e-04	4.315210e-05	2	4.127650e-04	3.471090e-05	2	false
120           	smoothSolver	5.079350e-04	4.206850e-05	2	5.078790e-04	4.205610e-05	2	4.063060e-04	3.419840e-05	2	false
121           	smoothSolver	4.955840e-04	4.102310e-05	2	4.955680e-04	4.101380e-05	2	4.000310e-04	3.371960e-05	2	false
122           	smoothSolver	4.830560e-04	4.000860e-05	2	4.830120e-04	3.999650e-05	2	3.940270e-04	3.327490e-05	2	false
123           	smoothSolver	4.700470e-04	3.899500e-05	2	4.699390e-04	3.897860e-05	2	3.883080e-04	3.284560e-05	2	false
124           	smoothSolver	4.573110e-04	3.797360e-05	2	4.572850e-04	3.796300e-05	2	3.830050e-04	3.242870e-05	2	false
125           	smoothSolver	4.454590e-04	3.697320e-05	2	4.454190e-04	3.696250e-05	2	3.780310e-04	3.202610e-05	2	false
126           	smoothSolver	4.341320e-04	3.601750e-05	2	4.340730e-04	3.600610e-05	2	3.731990e-04	3.164420e-05	2	false
127           	smoothSolver	4.233160e-04	3.511480e-05	2	4.232530e-04	3.510230e-05	2	3.685160e-04	3.129510e-05	2	false
128           	smoothSolver	4.129190e-04	3.424430e-05	2	4.129000e-04	3.423570e-05	2	3.640680e-04	3.096800e-05	2	false
129           	smoothSolver	4.028800e-04	3.339890e-05	2	4.028110e-04	3.338600e-05	2	3.598510e-04	3.065090e-05	2	false
130           	smoothSolver	3.930510e-04	3.257530e-05	2	3.930230e-04	3.256690e-05	2	3.560530e-04	3.034940e-05	2	false
131           	smoothSolver	3.834170e-04	3.178640e-05	2	3.833690e-04	3.177690e-05	2	3.524040e-04	3.007280e-05	2	false
132           	smoothSolver	3.742100e-04	3.103900e-05	2	3.740980e-04	3.102270e-05	2	3.489270e-04	2.981790e-05	2	false
133           	smoothSolver	3.655640e-04	3.032940e-05	2	3.655440e-04	3.032150e-05	2	3.456300e-04	2.957580e-05	2	false
134           	smoothSolver	3.569760e-04	2.963360e-05	2	3.569420e-04	2.962490e-05	2	3.426650e-04	2.935310e-05	2	false
135           	smoothSolver	3.480500e-04	2.892670e-05	2	3.480270e-04	2.891820e-05	2	3.399080e-04	2.915160e-05	2	false
136           	smoothSolver	3.394960e-04	2.820520e-05	2	3.394670e-04	2.819650e-05	2	3.372960e-04	2.896280e-05	2	false
137           	smoothSolver	3.312700e-04	2.749050e-05	2	3.312690e-04	2.748380e-05	2	3.349080e-04	2.879320e-05	2	false
138           	smoothSolver	3.233330e-04	2.680770e-05	2	3.232900e-04	2.679810e-05	2	3.327690e-04	2.863770e-05	2	false
139           	smoothSolver	3.156360e-04	2.615070e-05	2	3.155870e-04	2.614130e-05	2	3.307740e-04	2.849410e-05	2	false
140           	smoothSolver	3.080440e-04	2.550980e-05	2	3.080290e-04	2.550320e-05	2	3.290030e-04	2.835490e-05	2	false
141           	smoothSolver	3.005800e-04	2.488860e-05	2	3.005470e-04	2.488050e-05	2	3.273580e-04	2.821930e-05	2	false
142           	smoothSolver	2.932640e-04	2.428970e-05	2	2.932540e-04	2.428320e-05	2	3.258640e-04	2.808630e-05	2	false
143           	smoothSolver	2.862580e-04	2.371500e-05	2	2.862170e-04	2.370630e-05	2	3.244560e-04	2.795650e-05	2	false
144           	smoothSolver	2.796940e-04	2.317240e-05	2	2.796650e-04	2.316480e-05	2	3.231170e-04	2.783010e-05	2	false
145           	smoothSolver	2.734860e-04	2.267250e-05	2	2.734450e-04	2.266440e-05	2	3.218140e-04	2.770690e-05	2	false
146           	smoothSolver	2.672390e-04	2.219300e-05	2	2.672180e-04	2.218700e-05	2	3.205380e-04	2.758640e-05	2	false
147           	smoothSolver	2.611020e-04	2.170270e-05	2	2.610540e-04	2.169470e-05	2	3.192940e-04	2.746900e-05	2	false
148           	smoothSolver	2.552760e-04	2.119160e-05	2	2.552700e-04	2.118640e-05	2	3.180670e-04	2.735330e-05	2	false
149           	smoothSolver	2.495860e-04	2.068870e-05	2	2.495300e-04	2.067930e-05	2	3.168650e-04	2.724010e-05	2	false
150           	smoothSolver	2.440110e-04	2.019880e-05	2	2.439730e-04	2.019090e-05	2	3.157040e-04	2.713060e-05	2	false
151           	smoothSolver	2.384540e-04	1.971600e-05	2	2.384220e-04	1.971020e-05	2	3.145730e-04	2.702400e-05	2	false
152           	smoothSolver	2.328320e-04	1.923570e-05	2	2.327980e-04	1.922940e-05	2	3.134560e-04	2.691890e-05	2	false
153           	smoothSolver	2.271670e-04	1.876200e-05	2	2.271480e-04	1.875700e-05	2	3.123620e-04	2.681600e-05	2	false
154           	smoothSolver	2.215680e-04	1.830430e-05	2	2.215830e-04	1.830190e-05	2	3.112900e-04	2.671520e-05	2	false
155           	smoothSolver	2.161880e-04	1.786830e-05	2	2.161960e-04	1.786510e-05	2	3.102400e-04	2.661660e-05	2	false
156           	smoothSolver	2.110800e-04	1.745750e-05	2	2.110830e-04	1.745320e-05	2	3.092230e-04	2.652100e-05	2	false
157           	smoothSolver	2.061560e-04	1.707270e-05	2	2.060980e-04	1.706380e-05	2	3.082380e-04	2.642830e-05	2	false
158           	smoothSolver	2.011950e-04	1.669470e-05	2	2.011350e-04	1.668640e-05	2	3.072550e-04	2.633620e-05	2	false
159           	smoothSolver	1.964660e-04	1.631730e-05	2	1.964520e-04	1.631220e-05	2	3.062930e-04	2.624610e-05	2	false
160           	smoothSolver	1.920780e-04	1.595070e-05	2	1.920820e-04	1.594720e-05	2	3.053490e-04	2.615770e-05	2	false
161           	smoothSolver	1.878760e-04	1.558910e-05	2	1.879060e-04	1.558910e-05	2	3.044300e-04	2.607160e-05	2	false
162           	smoothSolver	1.838710e-04	1.523740e-05	2	1.838400e-04	1.523250e-05	2	3.035360e-04	2.598790e-05	2	false
163           	smoothSolver	1.799060e-04	1.489130e-05	2	1.798820e-04	1.488640e-05	2	3.026590e-04	2.590580e-05	2	false
164           	smoothSolver	1.759100e-04	1.454720e-05	2	1.758620e-04	1.454000e-05	2	3.018040e-04	2.582570e-05	2	false
165           	smoothSolver	1.718440e-04	1.420380e-05	2	1.718170e-04	1.419890e-05	2	3.009460e-04	2.574580e-05	2	false
166           	smoothSolver	1.677980e-04	1.386780e-05	2	1.677640e-04	1.386260e-05	2	3.001090e-04	2.566780e-05	2	false
167           	smoothSolver	1.638240e-04	1.354040e-05	2	1.638190e-04	1.353700e-05	2	2.992990e-04	2.559210e-05	2	false
168           	smoothSolver	1.600860e-04	1.323610e-05	2	1.600600e-04	1.323110e-05	2	2.985180e-04	2.551910e-05	2	false
169           	smoothSolver	1.562820e-04	1.293790e-05	2	1.562900e-04	1.293610e-05	2	2.977310e-04	2.544590e-05	2	false
170           	smoothSolver	1.525450e-04	1.264680e-05	2	1.525070e-04	1.264130e-05	2	2.969620e-04	2.537440e-05	2	false
171           	smoothSolver	1.489830e-04	1.235370e-05	2	1.489820e-04	1.235100e-05	2	2.962180e-04	2.530510e-05	2	false
172           	smoothSolver	1.455730e-04	1.207150e-05	2	1.455670e-04	1.206840e-05	2	2.954860e-04	2.523690e-05	2	false
173           	smoothSolver	1.423450e-04	1.180540e-05	2	1.423350e-04	1.180200e-05	2	2.947460e-04	2.516850e-05	2	false
174           	smoothSolver	1.392940e-04	1.155480e-05	2	1.392600e-04	1.154960e-05	2	2.940410e-04	2.510290e-05	2	false
175           	smoothSolver	1.363640e-04	1.130920e-05	2	1.363470e-04	1.130580e-05	2	2.933510e-04	2.503880e-05	2	false
176           	smoothSolver	1.334570e-04	1.106170e-05	2	1.334400e-04	1.105780e-05	2	2.926790e-04	2.497640e-05	2	false
177           	smoothSolver	1.305550e-04	1.081710e-05	2	1.305980e-04	1.081840e-05	2	2.920060e-04	2.491410e-05	2	false
178           	smoothSolver	1.277180e-04	1.058090e-05	2	1.276890e-04	1.057640e-05	2	2.913320e-04	2.485200e-05	2	false
179           	smoothSolver	1.249800e-04	1.035250e-05	2	1.249650e-04	1.034970e-05	2	2.906990e-04	2.479330e-05	2	false
180           	smoothSolver	1.222620e-04	1.012870e-05	2	1.222500e-04	1.012540e-05	2	2.900640e-04	2.473460e-05	2	false
181           	smoothSolver	1.195120e-04	9.907140e-06	2	1.195020e-04	9.904220e-06	2	2.894380e-04	2.467680e-05	2	false
182           	smoothSolver	1.168490e-04	9.684120e-06	2	1.168560e-04	9.683290e-06	2	2.888280e-04	2.462050e-05	2	false
183           	smoothSolver	1.142820e-04	9.464550e-06	2	1.142750e-04	9.462230e-06	2	2.882260e-04	2.456500e-05	2	false
184           	smoothSolver	1.117420e-04	9.250030e-06	2	1.117340e-04	9.247550e-06	2	2.876270e-04	2.450990e-05	2	false
185           	smoothSolver	1.092660e-04	9.043460e-06	2	1.092340e-04	9.039560e-06	2	2.870520e-04	2.445690e-05	2	false
186           	smoothSolver	1.068650e-04	8.846960e-06	2	1.068790e-04	8.847070e-06	2	2.864940e-04	2.440540e-05	2	false
187           	smoothSolver	1.045900e-04	8.665670e-06	2	1.046110e-04	8.666070e-06	2	2.859280e-04	2.435340e-05	2	false
188           	smoothSolver	1.023580e-04	8.489780e-06	2	1.023750e-04	8.490440e-06	2	2.853580e-04	2.430140e-05	2	false
189           	smoothSolver	1.002560e-04	8.321380e-06	2	1.002090e-04	8.315380e-06	2	2.848090e-04	2.425100e-05	2	false
190           	smoothSolver	9.823420e-05	8.154380e-06	2	9.819090e-05	8.148510e-06	2	2.842840e-04	2.420270e-05	2	false
191           	smoothSolver	9.630100e-05	7.990690e-06	2	9.628560e-05	7.988190e-06	2	2.837740e-04	2.415580e-05	2	false
192           	smoothSolver	9.435640e-05	7.830760e-06	2	9.441610e-05	7.834990e-06	2	2.832520e-04	2.410810e-05	2	false
193           	smoothSolver	9.251400e-05	7.677850e-06	2	9.252200e-05	7.677030e-06	2	2.827280e-04	2.406040e-05	2	false
194           	smoothSolver	9.069060e-05	7.517700e-06	2	9.068790e-05	7.516110e-06	2	2.822210e-04	2.401410e-05	2	false
195           	smoothSolver	8.886210e-05	7.356400e-06	2	8.881660e-05	7.351200e-06	2	2.817270e-04	2.396900e-05	2	false
196           	smoothSolver	8.703630e-05	7.197480e-06	2	8.697360e-05	7.191020e-06	2	2.812520e-04	2.392550e-05	2	false
197           	smoothSolver	8.527100e-05	7.045590e-06	2	8.526200e-05	7.043620e-06	2	2.807730e-04	2.388190e-05	2	false
198           	smoothSolver	8.349010e-05	6.895100e-06	2	8.353070e-05	6.897850e-06	2	2.803030e-04	2.383910e-05	2	false
199           	smoothSolver	8.173390e-05	6.750780e-06	2	8.178140e-05	6.754100e-06	2	2.798300e-04	2.379610e-05	2	false
200           	smoothSolver	8.002930e-05	6.615400e-06	2	8.007250e-05	6.617750e-06	2	2.793700e-04	2.375430e-05	2	false
201           	smoothSolver	7.843260e-05	6.493620e-06	2	7.836460e-05	6.486780e-06	2	2.789080e-04	2.371240e-05	2	false
202           	smoothSolver	7.687460e-05	6.374410e-06	2	7.676250e-05	6.363940e-06	2	2.784620e-04	2.367200e-05	2	false
203           	smoothSolver	7.534040e-05	6.255030e-06	2	7.529140e-05	6.249930e-06	2	2.780250e-04	2.363230e-05	2	false
204           	smoothSolver	7.385680e-05	6.136520e-06	2	7.389380e-05	6.139060e-06	2	2.776010e-04	2.359380e-05	2	false
205           	smoothSolver	7.248000e-05	6.018350e-06	2	7.253810e-05	6.022910e-06	2	2.771640e-04	2.355440e-05	2	false
206           	smoothSolver	7.115140e-05	5.901480e-06	2	7.117250e-05	5.902070e-06	2	2.767410e-04	2.351610e-05	2	false
207           	smoothSolver	6.985780e-05	5.787440e-06	2	6.982590e-05	5.783880e-06	2	2.763310e-04	2.347910e-05	2	false
208           	smoothSolver	6.857170e-05	5.676050e-06	2	6.853070e-05	5.671070e-06	2	2.759140e-04	2.344140e-05	2	false
209           	smoothSolver	6.732420e-05	5.568410e-06	2	6.729770e-05	5.565060e-06	2	2.755010e-04	2.340430e-05	2	false
210           	smoothSolver	6.602670e-05	5.458610e-06	2	6.606110e-05	5.461020e-06	2	2.750990e-04	2.336810e-05	2	false
211           	smoothSolver	6.476060e-05	5.353050e-06	2	6.476070e-05	5.352670e-06	2	2.746950e-04	2.333180e-05	2	false
212           	smoothSolver	6.351600e-05	5.250620e-06	2	6.352010e-05	5.250100e-06	2	2.743070e-04	2.329680e-05	2	false
213           	smoothSolver	6.232200e-05	5.152340e-06	2	6.233020e-05	5.152410e-06	2	2.739280e-04	2.326280e-05	2	false
214           	smoothSolver	6.117510e-05	5.059250e-06	2	6.115870e-05	5.057680e-06	2	2.735430e-04	2.322820e-05	2	false
215           	smoothSolver	6.006250e-05	4.972310e-06	2	6.006100e-05	4.972080e-06	2	2.731610e-04	2.319400e-05	2	false
216           	smoothSolver	5.899620e-05	4.889610e-06	2	5.893350e-05	4.883460e-06	2	2.727830e-04	2.316020e-05	2	false
217           	smoothSolver	5.793080e-05	4.802380e-06	2	5.794880e-05	4.803530e-06	2	2.724210e-04	2.312770e-05	2	false
218           	smoothSolver	5.692040e-05	4.716890e-06	2	5.696080e-05	4.719690e-06	2	2.720490e-04	2.309440e-05	2	false
219           	smoothSolver	5.604900e-05	4.640490e-06	2	5.601980e-05	4.637190e-06	2	2.716870e-04	2.306210e-05	2	false
220           	smoothSolver	5.514550e-05	4.562060e-06	2	5.511370e-05	4.558620e-06	2	2.713300e-04	2.303030e-05	2	false
221           	smoothSolver	5.424360e-05	4.484430e-06	2	5.422700e-05	4.482850e-06	2	2.709790e-04	2.299890e-05	2	false
222           	smoothSolver	5.333420e-05	4.407300e-06	2	5.332730e-05	4.406780e-06	2	2.706240e-04	2.296730e-05	2	false
223           	smoothSolver	5.238720e-05	4.329220e-06	2	5.240940e-05	4.330860e-06	2	2.702780e-04	2.293650e-05	2	false
224           	smoothSolver	5.153680e-05	4.259700e-06	2	5.151900e-05	4.257630e-06	2	2.699360e-04	2.290600e-05	2	false
225           	smoothSolver	5.069500e-05	4.190840e-06	2	5.065320e-05	4.186540e-06	2	2.695910e-04	2.287540e-05	2	false
226           	smoothSolver	4.985700e-05	4.122120e-06	2	4.983160e-05	4.119170e-06	2	2.692520e-04	2.284530e-05	2	false
227           	smoothSolver	4.903800e-05	4.053690e-06	2	4.901550e-05	4.050930e-06	2	2.689120e-04	2.281530e-05	2	false
228           	smoothSolver	4.818570e-05	3.981160e-06	2	4.821100e-05	3.982880e-06	2	2.685970e-04	2.278710e-05	2	false
229           	smoothSolver	4.734690e-05	3.910180e-06	2	4.738870e-05	3.913380e-06	2	2.682680e-04	2.275800e-05	2	false
230           	smoothSolver	4.657940e-05	3.847330e-06	2	4.658920e-05	3.848010e-06	2	2.679400e-04	2.272900e-05	2	false
231           	smoothSolver	4.583720e-05	3.789010e-06	2	4.582850e-05	3.787630e-06	2	2.676070e-04	2.269970e-05	2	false
232           	smoothSolver	4.512790e-05	3.733110e-06	2	4.510650e-05	3.730890e-06	2	2.673020e-04	2.267250e-05	2	false
233           	smoothSolver	4.444320e-05	3.677950e-06	2	4.442410e-05	3.675920e-06	2	2.669830e-04	2.264450e-05	2	false
234           	smoothSolver	4.373350e-05	3.620370e-06	2	4.373450e-05	3.619580e-06	2	2.666610e-04	2.261610e-05	2	false
235           	smoothSolver	4.306970e-05	3.565850e-06	2	4.308220e-05	3.566410e-06	2	2.663440e-04	2.258820e-05	2	false
236           	smoothSolver	4.247950e-05	3.517170e-06	2	4.243930e-05	3.513050e-06	2	2.660470e-04	2.256190e-05	2	false
237           	smoothSolver	4.187950e-05	3.468060e-06	2	4.187270e-05	3.466670e-06	2	2.657480e-04	2.253550e-05	2	false
238           	smoothSolver	4.124770e-05	3.415640e-06	2	4.125680e-05	3.416060e-06	2	2.654300e-04	2.250770e-05	2	false
239           	smoothSolver	4.067670e-05	3.364990e-06	2	4.067660e-05	3.364940e-06	2	2.651320e-04	2.248150e-05	2	false
240           	smoothSolver	4.005090e-05	3.309900e-06	2	4.008650e-05	3.312460e-06	2	2.648370e-04	2.245550e-05	2	false
241           	smoothSolver	3.953130e-05	3.263220e-06	2	3.953040e-05	3.263210e-06	2	2.645420e-04	2.242970e-05	2	false
242           	smoothSolver	3.897280e-05	3.214610e-06	2	3.896480e-05	3.212910e-06	2	2.642460e-04	2.240370e-05	2	false
243           	smoothSolver	3.845780e-05	3.170970e-06	2	3.845610e-05	3.170210e-06	2	2.639540e-04	2.237810e-05	2	false
244           	smoothSolver	3.788540e-05	3.122990e-06	2	3.789530e-05	3.123150e-06	2	2.636520e-04	2.235180e-05	2	false
245           	smoothSolver	3.735410e-05	3.080030e-06	2	3.730010e-05	3.075550e-06	2	2.633630e-04	2.232650e-05	2	false
246           	smoothSolver	3.681160e-05	3.036600e-06	2	3.677670e-05	3.033430e-06	2	2.630770e-04	2.230140e-05	2	false
247           	smoothSolver	3.627170e-05	2.993920e-06	2	3.629430e-05	2.995760e-06	2	2.627920e-04	2.227650e-05	2	false
248           	smoothSolver	3.581760e-05	2.955660e-06	2	3.582840e-05	2.956090e-06	2	2.625240e-04	2.225300e-05	2	false
249           	smoothSolver	3.540370e-05	2.920370e-06	2	3.539470e-05	2.919140e-06	2	2.622380e-04	2.222800e-05	2	false
250           	smoothSolver	3.497690e-05	2.885660e-06	2	3.496160e-05	2.883570e-06	2	2.619590e-04	2.220370e-05	2	false
251           	smoothSolver	3.451570e-05	2.846320e-06	2	3.451970e-05	2.845870e-06	2	2.616760e-04	2.217910e-05	2	false
252           	smoothSolver	3.406610e-05	2.808150e-06	2	3.408670e-05	2.809650e-06	2	2.613890e-04	2.215420e-05	2	false
253           	smoothSolver	3.364160e-05	2.773310e-06	2	3.361960e-05	2.771130e-06	2	2.611280e-04	2.213140e-05	2	false
254           	smoothSolver	3.321920e-05	2.737920e-06	2	3.322040e-05	2.738650e-06	2	2.608520e-04	2.210740e-05	2	false
255           	smoothSolver	3.285700e-05	2.707700e-06	2	3.284760e-05	2.706790e-06	2	2.605810e-04	2.208380e-05	2	false
256           	smoothSolver	3.248460e-05	2.676040e-06	2	3.248140e-05	2.674950e-06	2	2.603000e-04	2.205950e-05	2	false
257           	smoothSolver	3.211210e-05	2.644810e-06	2	3.207840e-05	2.641320e-06	2	2.600440e-04	2.203710e-05	2	false
258           	smoothSolver	3.168500e-05	2.608380e-06	2	3.169470e-05	2.609100e-06	2	2.597770e-04	2.201400e-05	2	false
259           	smoothSolver	3.130560e-05	2.575530e-06	2	3.130850e-05	2.575620e-06	2	2.595170e-04	2.199130e-05	2	false
260           	smoothSolver	3.098730e-05	2.547570e-06	2	3.096740e-05	2.546130e-06	2	2.592400e-04	2.196750e-05	2	false
261           	smoothSolver	3.066460e-05	2.520740e-06	2	3.067580e-05	2.521510e-06	2	2.589740e-04	2.194440e-05	2	false
262           	smoothSolver	3.031790e-05	2.491100e-06	2	3.032740e-05	2.492270e-06	2	2.587190e-04	2.192230e-05	2	false
263           	smoothSolver	2.995380e-05	2.461470e-06	2	2.994410e-05	2.459870e-06	2	2.584680e-04	2.190050e-05	2	false
264           	smoothSolver	2.962320e-05	2.433430e-06	2	2.960870e-05	2.430820e-06	2	2.581940e-04	2.187700e-05	2	false
265           	smoothSolver	2.932280e-05	2.409650e-06	2	2.929410e-05	2.405890e-06	2	2.579300e-04	2.185410e-05	2	false
266           	smoothSolver	2.902030e-05	2.385800e-06	2	2.901180e-05	2.384360e-06	2	2.576820e-04	2.183260e-05	2	false
267           	smoothSolver	2.871740e-05	2.361390e-06	2	2.873810e-05	2.363400e-06	2	2.574280e-04	2.181060e-05	2	false
268           	smoothSolver	2.841400e-05	2.338080e-06	2	2.839310e-05	2.336220e-06	2	2.571830e-04	2.178940e-05	2	false
269           	smoothSolver	2.811830e-05	2.315370e-06	2	2.807380e-05	2.311330e-06	2	2.569260e-04	2.176730e-05	2	false
270           	smoothSolver	2.782810e-05	2.291830e-06	2	2.780710e-05	2.290160e-06	2	2.566650e-04	2.174490e-05	2	false
271           	smoothSolver	2.752900e-05	2.267740e-06	2	2.753830e-05	2.268480e-06	2	2.564050e-04	2.172250e-05	2	false
272           	smoothSolver	2.728710e-05	2.248840e-06	2	2.726650e-05	2.246220e-06	2	2.561660e-04	2.170180e-05	2	false
273           	smoothSolver	2.701350e-05	2.226130e-06	2	2.701220e-05	2.225190e-06	2	2.559160e-04	2.168020e-05	2	false
274           	smoothSolver	2.676560e-05	2.205350e-06	2	2.676330e-05	2.205020e-06	2	2.556670e-04	2.165880e-05	2	false
275           	smoothSolver	2.651650e-05	2.185480e-06	2	2.655150e-05	2.188240e-06	2	2.554180e-04	2.163740e-05	2	false
276           	smoothSolver	2.628590e-05	2.166830e-06	2	2.625540e-05	2.163290e-06	2	2.551690e-04	2.161600e-05	2	false
277           	smoothSolver	2.603800e-05	2.146960e-06	2	2.602660e-05	2.145100e-06	2	2.549310e-04	2.159540e-05	2	false
278           	smoothSolver	2.585840e-05	2.133140e-06	2	2.583060e-05	2.129790e-06	2	2.546820e-04	2.157410e-05	2	false
279           	smoothSolver	2.559930e-05	2.112260e-06	2	2.560180e-05	2.112570e-06	2	2.544310e-04	2.155250e-05	2	false
280           	smoothSolver	2.539600e-05	2.097180e-06	2	2.538480e-05	2.096050e-06	2	2.541850e-04	2.153140e-05	2	false
281           	smoothSolver	2.516280e-05	2.077940e-06	2	2.512410e-05	2.074350e-06	2	2.539500e-04	2.151120e-05	2	false
282           	smoothSolver	2.494050e-05	2.059930e-06	2	2.493250e-05	2.059200e-06	2	2.537120e-04	2.149070e-05	2	false
283           	smoothSolver	2.476440e-05	2.045010e-06	2	2.475580e-05	2.044300e-06	2	2.534690e-04	2.146980e-05	2	false
284           	smoothSolver	2.457280e-05	2.029230e-06	2	2.454310e-05	2.026390e-06	2	2.532330e-04	2.144960e-05	2	false
285           	smoothSolver	2.438580e-05	2.011610e-06	2	2.442130e-05	2.014790e-06	2	2.529840e-04	2.142830e-05	2	false
286           	smoothSolver	2.423890e-05	1.998500e-06	2	2.419440e-05	1.994690e-06	2	2.527440e-04	2.140770e-05	2	false
287           	smoothSolver	2.410330e-05	1.986640e-06	2	2.399110e-05	1.976250e-06	2	2.525010e-04	2.138690e-05	2	false
288           	smoothSolver	2.386420e-05	1.965910e-06	2	2.383220e-05	1.962810e-06	2	2.522750e-04	2.136750e-05	2	false
289           	smoothSolver	2.363000e-05	1.946430e-06	2	2.366790e-05	1.949970e-06	2	2.520430e-04	2.134750e-05	2	false
290           	smoothSolver	2.343930e-05	1.931850e-06	2	2.351490e-05	1.938980e-06	2	2.517970e-04	2.132660e-05	2	false
291           	smoothSolver	2.331050e-05	1.922800e-06	2	2.328890e-05	1.920510e-06	2	2.515620e-04	2.130640e-05	2	false
292           	smoothSolver	2.313810e-05	1.909730e-06	2	2.311830e-05	1.907430e-06	2	2.513270e-04	2.128630e-05	2	false
293           	smoothSolver	2.297640e-05	1.895660e-06	2	2.294360e-05	1.892240e-06	2	2.510970e-04	2.126660e-05	2	false
294           	smoothSolver	2.281980e-05	1.882660e-06	2	2.282160e-05	1.882650e-06	2	2.508660e-04	2.124690e-05	2	false
295           	smoothSolver	2.264420e-05	1.867620e-06	2	2.266370e-05	1.869820e-06	2	2.506260e-04	2.122640e-05	2	false
296           	smoothSolver	2.248650e-05	1.855020e-06	2	2.248850e-05	1.854640e-06	2	2.503950e-04	2.120660e-05	2	false
297           	smoothSolver	2.232060e-05	1.841570e-06	2	2.235800e-05	1.844520e-06	2	2.501670e-04	2.118700e-05	2	false
298           	smoothSolver	2.220640e-05	1.832190e-06	2	2.220560e-05	1.831940e-06	2	2.499300e-04	2.116690e-05	2	false
299           	smoothSolver	2.207670e-05	1.821330e-06	2	2.204160e-05	1.818050e-06	2	2.496940e-04	2.114680e-05	2	false
300           	smoothSolver	2.194400e-05	1.811200e-06	2	2.191290e-05	1.807610e-06	2	2.494740e-04	2.112790e-05	2	false
301           	smoothSolver	2.182530e-05	1.801990e-06	2	2.182490e-05	1.801380e-06	2	2.492410e-04	2.110800e-05	2	false
302           	smoothSolver	2.163890e-05	1.785500e-06	2	2.170780e-05	1.791860e-06	2	2.490120e-04	2.108840e-05	2	false
303           	smoothSolver	2.149180e-05	1.774590e-06	2	2.153140e-05	1.778500e-06	2	2.487790e-04	2.106860e-05	2	false
304           	smoothSolver	2.140730e-05	1.768570e-06	2	2.137830e-05	1.765590e-06	2	2.485560e-04	2.104950e-05	2	false
305           	smoothSolver	2.132570e-05	1.761990e-06	2	2.127200e-05	1.756210e-06	2	2.483210e-04	2.102950e-05	2	false
306           	smoothSolver	2.115120e-05	1.747990e-06	2	2.113780e-05	1.746260e-06	2	2.480910e-04	2.100990e-05	2	false
307           	smoothSolver	2.102590e-05	1.737450e-06	2	2.106250e-05	1.740770e-06	2	2.478790e-04	2.099170e-05	2	false
308           	smoothSolver	2.090440e-05	1.726320e-06	2	2.096300e-05	1.731800e-06	2	2.476560e-04	2.097260e-05	2	false
309           	smoothSolver	2.081550e-05	1.718250e-06	2	2.084930e-05	1.720820e-06	2	2.474120e-04	2.095200e-05	2	false
310           	smoothSolver	2.073220e-05	1.711330e-06	2	2.072550e-05	1.710420e-06	2	2.471870e-04	2.093280e-05	2	false
311           	smoothSolver	2.058770e-05	1.699740e-06	2	2.058630e-05	1.699160e-06	2	2.469700e-04	2.091420e-05	2	false
312           	smoothSolver	2.048880e-05	1.692040e-06	2	2.048070e-05	1.691040e-06	2	2.467490e-04	2.089530e-05	2	false
313           	smoothSolver	2.038250e-05	1.683800e-06	2	2.037110e-05	1.682080e-06	2	2.465160e-04	2.087560e-05	2	false
314           	smoothSolver	2.029320e-05	1.675860e-06	2	2.024180e-05	1.671090e-06	2	2.462930e-04	2.085660e-05	2	false
315           	smoothSolver	2.019990e-05	1.668790e-06	2	2.019040e-05	1.667240e-06	2	2.460640e-04	2.083710e-05	2	false
316           	smoothSolver	2.011870e-05	1.660820e-06	2	2.014380e-05	1.663580e-06	2	2.458490e-04	2.081870e-05	2	false
317           	smoothSolver	2.004440e-05	1.655140e-06	2	2.003940e-05	1.655020e-06	2	2.456220e-04	2.079940e-05	2	false
318           	smoothSolver	1.992280e-05	1.643920e-06	2	1.989940e-05	1.641770e-06	2	2.453940e-04	2.078000e-05	2	false
319           	smoothSolver	1.985280e-05	1.637070e-06	2	1.982390e-05	1.634100e-06	2	2.451890e-04	2.076240e-05	2	false
320           	smoothSolver	1.977240e-05	1.630430e-06	2	1.972270e-05	1.626240e-06	2	2.449700e-04	2.074370e-05	2	false
321           	smoothSolver	1.962720e-05	1.618180e-06	2	1.962760e-05	1.618560e-06	2	2.447420e-04	2.072440e-05	2	false
322           	smoothSolver	1.955770e-05	1.613120e-06	2	1.951480e-05	1.608580e-06	2	2.444960e-04	2.070360e-05	2	false
323           	smoothSolver	1.948400e-05	1.607580e-06	2	1.945350e-05	1.604440e-06	2	2.442810e-04	2.068530e-05	2	false
324           	smoothSolver	1.936640e-05	1.597560e-06	2	1.937140e-05	1.598620e-06	2	2.440760e-04	2.066760e-05	2	false
325           	smoothSolver	1.926850e-05	1.590170e-06	2	1.929090e-05	1.592260e-06	2	2.438700e-04	2.065000e-05	2	false
326           	smoothSolver	1.920340e-05	1.584730e-06	2	1.921440e-05	1.585980e-06	2	2.436420e-04	2.063070e-05	2	false
327           	smoothSolver	1.911960e-05	1.578160e-06	2	1.912440e-05	1.577930e-06	2	2.434110e-04	2.061120e-05	2	false
328           	smoothSolver	1.904570e-05	1.571490e-06	2	1.907060e-05	1.573540e-06	2	2.431800e-04	2.059150e-05	2	false
329           	smoothSolver	1.896580e-05	1.564730e-06	2	1.896380e-05	1.564400e-06	2	2.429710e-04	2.057360e-05	2	false
330           	smoothSolver	1.892270e-05	1.560160e-06	2	1.892770e-05	1.560360e-06	2	2.427680e-04	2.055630e-05	2	false
331           	smoothSolver	1.885930e-05	1.555080e-06	2	1.885820e-05	1.554520e-06	2	2.425520e-04	2.053790e-05	2	false
332           	smoothSolver	1.879710e-05	1.549880e-06	2	1.878700e-05	1.548170e-06	2	2.423190e-04	2.051820e-05	2	false
333           	smoothSolver	1.873380e-05	1.543750e-06	2	1.871060e-05	1.541960e-06	2	2.421010e-04	2.049970e-05	2	false
334           	smoothSolver	1.863840e-05	1.536110e-06	2	1.863490e-05	1.535990e-06	2	2.418790e-04	2.048080e-05	2	false
335           	smoothSolver	1.855000e-05	1.529060e-06	2	1.857630e-05	1.531570e-06	2	2.416610e-04	2.046230e-05	2	false
336           	smoothSolver	1.846240e-05	1.521560e-06	2	1.849300e-05	1.524290e-06	2	2.414510e-04	2.044440e-05	2	false
337           	smoothSolver	1.841330e-05	1.517210e-06	2	1.842890e-05	1.518180e-06	2	2.412400e-04	2.042640e-05	2	false
338           	smoothSolver	1.840570e-05	1.516910e-06	2	1.837570e-05	1.514690e-06	2	2.410180e-04	2.040760e-05	2	false
339           	smoothSolver	1.834190e-05	1.511410e-06	2	1.827300e-05	1.505690e-06	2	2.408000e-04	2.038900e-05	2	false
340           	smoothSolver	1.822150e-05	1.501430e-06	2	1.825000e-05	1.503650e-06	2	2.405910e-04	2.037120e-05	2	false
341           	smoothSolver	1.814950e-05	1.494930e-06	2	1.818030e-05	1.497670e-06	2	2.403650e-04	2.035200e-05	2	false
342           	smoothSolver	1.810600e-05	1.491800e-06	2	1.810310e-05	1.490860e-06	2	2.401580e-04	2.033430e-05	2	false
343           	smoothSolver	1.806120e-05	1.488510e-06	2	1.805970e-05	1.487890e-06	2	2.399420e-04	2.031600e-05	2	false
344           	smoothSolver	1.800150e-05	1.483280e-06	2	1.798080e-05	1.481730e-06	2	2.397230e-04	2.029740e-05	2	false
345           	smoothSolver	1.796140e-05	1.480220e-06	2	1.792460e-05	1.477230e-06	2	2.395160e-04	2.027970e-05	2	false
346           	smoothSolver	1.791300e-05	1.476900e-06	2	1.790810e-05	1.476210e-06	2	2.392930e-04	2.026080e-05	2	false
347           	smoothSolver	1.785350e-05	1.471180e-06	2	1.785180e-05	1.471090e-06	2	2.390710e-04	2.024200e-05	2	false
348           	smoothSolver	1.779440e-05	1.466970e-06	2	1.779840e-05	1.467760e-06	2	2.388780e-04	2.022540e-05	2	false
349           	smoothSolver	1.770060e-05	1.458870e-06	2	1.772770e-05	1.461190e-06	2	2.386620e-04	2.020710e-05	2	false
350           	smoothSolver	1.768270e-05	1.455060e-06	2	1.769340e-05	1.455740e-06	2	2.384370e-04	2.018810e-05	2	false
351           	smoothSolver	1.766680e-05	1.453640e-06	2	1.765400e-05	1.452350e-06	2	2.382200e-04	2.016970e-05	2	false
352           	smoothSolver	1.762830e-05	1.450960e-06	2	1.760750e-05	1.449130e-06	2	2.380130e-04	2.015190e-05	2	false
353           	smoothSolver	1.755910e-05	1.445250e-06	2	1.757790e-05	1.446530e-06	2	2.378000e-04	2.013380e-05	2	false
354           	smoothSolver	1.749550e-05	1.439760e-06	2	1.751800e-05	1.441710e-06	2	2.375950e-04	2.011630e-05	2	false
355           	smoothSolver	1.743730e-05	1.434970e-06	2	1.742540e-05	1.434110e-06	2	2.373760e-04	2.009780e-05	2	false
356           	smoothSolver	1.739460e-05	1.431600e-06	2	1.741730e-05	1.432850e-06	2	2.371630e-04	2.007970e-05	2	false
357           	smoothSolver	1.736910e-05	1.429380e-06	2	1.734280e-05	1.426350e-06	2	2.369530e-04	2.006180e-05	2	false
358           	smoothSolver	1.729960e-05	1.423170e-06	2	1.731590e-05	1.423750e-06	2	2.367390e-04	2.004370e-05	2	false
359           	smoothSolver	1.723710e-05	1.417180e-06	2	1.725610e-05	1.418970e-06	2	2.365180e-04	2.002490e-05	2	false
360           	smoothSolver	1.719950e-05	1.414030e-06	2	1.721330e-05	1.415160e-06	2	2.363160e-04	2.000760e-05	2	false
361           	smoothSolver	1.717510e-05	1.411690e-06	2	1.714800e-05	1.409460e-06	2	2.361200e-04	1.999090e-05	2	false
362           	smoothSolver	1.713580e-05	1.408960e-06	2	1.708890e-05	1.404680e-06	2	2.358930e-04	1.997170e-05	2	false
363           	smoothSolver	1.705540e-05	1.402260e-06	2	1.706780e-05	1.403350e-06	2	2.356730e-04	1.995310e-05	2	false
364           	smoothSolver	1.702500e-05	1.400740e-06	2	1.707270e-05	1.404420e-06	2	2.354790e-04	1.993640e-05	2	false
365           	smoothSolver	1.697810e-05	1.397020e-06	2	1.699000e-05	1.397760e-06	2	2.352650e-04	1.991830e-05	2	false
366           	smoothSolver	1.694180e-05	1.394430e-06	2	1.692490e-05	1.392270e-06	2	2.350490e-04	1.989990e-05	2	false
367           	smoothSolver	1.691690e-05	1.392310e-06	2	1.690070e-05	1.390970e-06	2	2.348470e-04	1.988270e-05	2	false
368           	smoothSolver	1.684840e-05	1.385750e-06	2	1.686380e-05	1.387780e-06	2	2.346360e-04	1.986480e-05	2	false
369           	smoothSolver	1.681960e-05	1.383840e-06	2	1.682030e-05	1.384130e-06	2	2.344130e-04	1.984590e-05	2	false
370           	smoothSolver	1.682230e-05	1.384010e-06	2	1.680380e-05	1.382310e-06	2	2.342060e-04	1.982820e-05	2	false
371           	smoothSolver	1.677600e-05	1.379130e-06	2	1.677760e-05	1.379220e-06	2	2.340070e-04	1.981120e-05	2	false
372           	smoothSolver	1.674490e-05	1.376370e-06	2	1.672660e-05	1.374840e-06	2	2.338070e-04	1.979420e-05	2	false
373           	smoothSolver	1.669950e-05	1.372810e-06	2	1.669390e-05	1.371690e-06	2	2.335880e-04	1.977560e-05	2	false
374           	smoothSolver	1.665790e-05	1.368630e-06	2	1.665410e-05	1.368390e-06	2	2.333670e-04	1.975690e-05	2	false
375           	smoothSolver	1.662130e-05	1.365690e-06	2	1.659040e-05	1.362970e-06	2	2.331600e-04	1.973930e-05	2	false
376           	smoothSolver	1.656910e-05	1.361820e-06	2	1.655560e-05	1.360230e-06	2	2.329630e-04	1.972240e-05	2	false
377           	smoothSolver	1.652110e-05	1.357350e-06	2	1.655050e-05	1.359400e-06	2	2.327640e-04	1.970540e-05	2	false
378           	smoothSolver	1.650020e-05	1.355430e-06	2	1.648670e-05	1.354620e-06	2	2.325460e-04	1.968700e-05	2	false
379           	smoothSolver	1.647920e-05	1.352440e-06	2	1.644880e-05	1.349680e-06	2	2.323350e-04	1.966910e-05	2	false
380           	smoothSolver	1.646640e-05	1.351300e-06	2	1.643090e-05	1.348020e-06	2	2.321200e-04	1.965080e-05	2	false
381           	smoothSolver	1.638990e-05	1.344320e-06	2	1.639170e-05	1.345050e-06	2	2.319080e-04	1.963280e-05	2	false
382           	smoothSolver	1.635890e-05	1.342310e-06	2	1.639250e-05	1.345310e-06	2	2.317050e-04	1.961540e-05	2	false
383           	smoothSolver	1.631940e-05	1.340100e-06	2	1.634160e-05	1.341920e-06	2	2.315090e-04	1.959870e-05	2	false
384           	smoothSolver	1.627340e-05	1.337220e-06	2	1.624340e-05	1.334200e-06	2	2.313070e-04	1.958150e-05	2	false
385           	smoothSolver	1.626130e-05	1.335670e-06	2	1.622400e-05	1.333140e-06	2	2.311040e-04	1.956420e-05	2	false
386           	smoothSolver	1.621580e-05	1.331700e-06	2	1.623260e-05	1.333520e-06	2	2.308870e-04	1.954580e-05	2	false
387           	smoothSolver	1.620900e-05	1.331660e-06	2	1.618910e-05	1.329640e-06	2	2.306690e-04	1.952730e-05	2	false
388           	smoothSolver	1.617550e-05	1.329340e-06	2	1.615820e-05	1.327480e-06	2	2.304660e-04	1.951000e-05	2	false
389           	smoothSolver	1.614120e-05	1.326720e-06	2	1.612440e-05	1.324250e-06	2	2.302670e-04	1.949300e-05	2	false
390           	smoothSolver	1.608530e-05	1.320360e-06	2	1.611530e-05	1.322640e-06	2	2.300650e-04	1.947580e-05	2	false
391           	smoothSolver	1.609620e-05	1.321210e-06	2	1.606450e-05	1.318150e-06	2	2.298570e-04	1.945810e-05	2	false
392           	smoothSolver	1.605140e-05	1.316730e-06	2	1.601670e-05	1.314110e-06	2	2.296360e-04	1.943940e-05	2	false
393           	smoothSolver	1.601300e-05	1.313050e-06	2	1.601560e-05	1.313680e-06	2	2.294400e-04	1.942260e-05	2	false
394           	smoothSolver	1.598750e-05	1.311280e-06	2	1.598180e-05	1.310560e-06	2	2.292370e-04	1.940540e-05	2	false
395           	smoothSolver	1.594610e-05	1.307460e-06	2	1.597360e-05	1.309850e-06	2	2.290400e-04	1.938850e-05	2	false
396           	smoothSolver	1.592180e-05	1.305830e-06	2	1.591880e-05	1.305080e-06	2	2.288340e-04	1.937100e-05	2	false
397           	smoothSolver	1.589910e-05	1.303810e-06	2	1.589470e-05	1.302560e-06	2	2.286120e-04	1.935220e-05	2	false
398           	smoothSolver	1.585960e-05	1.299670e-06	2	1.585700e-05	1.298960e-06	2	2.284050e-04	1.933460e-05	2	false
399           	smoothSolver	1.584290e-05	1.297920e-06	2	1.581180e-05	1.294910e-06	2	2.282030e-04	1.931730e-05	2	false
400           	smoothSolver	1.581610e-05	1.296660e-06	2	1.578570e-05	1.292920e-06	2	2.280050e-04	1.930040e-05	2	false
401           	smoothSolver	1.577320e-05	1.292750e-06	2	1.578160e-05	1.292830e-06	2	2.278130e-04	1.928400e-05	2	false
402           	smoothSolver	1.572480e-05	1.288670e-06	2	1.575810e-05	1.291540e-06	2	2.276020e-04	1.926610e-05	2	false
403           	smoothSolver	1.568030e-05	1.285070e-06	2	1.569580e-05	1.285910e-06	2	2.273890e-04	1.924800e-05	2	false
404           	smoothSolver	1.567700e-05	1.285860e-06	2	1.564520e-05	1.282430e-06	2	2.271830e-04	1.923050e-05	2	false
405           	smoothSolver	1.571410e-05	1.289590e-06	2	1.564630e-05	1.283250e-06	2	2.269820e-04	1.921330e-05	2	false
406           	smoothSolver	1.562040e-05	1.281400e-06	2	1.562790e-05	1.281990e-06	2	2.267820e-04	1.919620e-05	2	false
407           	smoothSolver	1.560920e-05	1.280620e-06	2	1.556750e-05	1.276320e-06	2	2.265810e-04	1.917910e-05	2	false
408           	smoothSolver	1.558110e-05	1.276460e-06	2	1.556440e-05	1.275010e-06	2	2.263710e-04	1.916130e-05	2	false
409           	smoothSolver	1.555920e-05	1.274060e-06	2	1.557830e-05	1.275530e-06	2	2.261690e-04	1.914410e-05	2	false
410           	smoothSolver	1.555120e-05	1.273500e-06	2	1.555370e-05	1.273550e-06	2	2.259590e-04	1.912620e-05	2	false
411           	smoothSolver	1.551530e-05	1.270380e-06	2	1.553220e-05	1.272440e-06	2	2.257650e-04	1.910960e-05	2	false
412           	smoothSolver	1.548980e-05	1.268190e-06	2	1.549010e-05	1.268670e-06	2	2.255750e-04	1.909330e-05	2	false
413           	smoothSolver	1.547370e-05	1.266820e-06	2	1.546190e-05	1.265740e-06	2	2.253630e-04	1.907530e-05	2	false
414           	smoothSolver	1.542160e-05	1.262300e-06	2	1.545140e-05	1.264890e-06	2	2.251500e-04	1.905730e-05	2	false
415           	smoothSolver	1.540790e-05	1.260790e-06	2	1.540580e-05	1.260790e-06	2	2.249500e-04	1.904020e-05	2	false
416           	smoothSolver	1.541730e-05	1.262000e-06	2	1.536760e-05	1.257190e-06	2	2.247490e-04	1.902300e-05	2	false
417           	smoothSolver	1.537590e-05	1.258900e-06	2	1.534940e-05	1.255800e-06	2	2.245500e-04	1.900610e-05	2	false
418           	smoothSolver	1.533730e-05	1.254690e-06	2	1.533610e-05	1.254090e-06	2	2.243550e-04	1.898940e-05	2	false
419           	smoothSolver	1.527650e-05	1.249290e-06	2	1.528950e-05	1.250350e-06	2	2.241420e-04	1.897140e-05	2	false
420           	smoothSolver	1.526870e-05	1.248950e-06	2	1.527280e-05	1.249450e-06	2	2.239380e-04	1.895400e-05	2	false
421           	smoothSolver	1.524480e-05	1.247410e-06	2	1.523460e-05	1.245790e-06	2	2.237390e-04	1.893700e-05	2	false
422           	smoothSolver	1.524140e-05	1.247740e-06	2	1.521820e-05	1.245370e-06	2	2.235530e-04	1.892110e-05	2	false
423           	smoothSolver	1.520210e-05	1.244600e-06	2	1.519660e-05	1.244220e-06	2	2.233380e-04	1.890280e-05	2	false
424           	smoothSolver	1.513760e-05	1.239030e-06	2	1.517890e-05	1.243130e-06	2	2.231340e-04	1.888540e-05	2	false
425           	smoothSolver	1.513190e-05	1.238790e-06	2	1.514010e-05	1.238840e-06	2	2.229340e-04	1.886840e-05	2	false
426           	smoothSolver	1.511510e-05	1.237140e-06	2	1.510360e-05	1.236200e-06	2	2.227310e-04	1.885110e-05	2	false
427           	smoothSolver	1.508760e-05	1.234490e-06	2	1.510700e-05	1.236320e-06	2	2.225320e-04	1.883410e-05	2	false
428           	smoothSolver	1.512090e-05	1.236980e-06	2	1.512620e-05	1.237300e-06	2	2.223390e-04	1.881760e-05	2	false
429           	smoothSolver	1.505990e-05	1.231520e-06	2	1.507700e-05	1.233580e-06	2	2.221400e-04	1.880060e-05	2	false
430           	smoothSolver	1.505920e-05	1.231030e-06	2	1.505830e-05	1.230070e-06	2	2.219260e-04	1.878250e-05	2	false
431           	smoothSolver	1.505930e-05	1.229750e-06	2	1.501600e-05	1.225760e-06	2	2.217310e-04	1.876580e-05	2	false
432           	smoothSolver	1.503070e-05	1.227610e-06	2	1.500970e-05	1.225470e-06	2	2.215320e-04	1.874880e-05	2	false
433           	smoothSolver	1.497560e-05	1.221970e-06	2	1.501260e-05	1.225220e-06	2	2.213320e-04	1.873180e-05	2	false
434           	smoothSolver	1.495980e-05	1.220520e-06	2	1.499240e-05	1.223550e-06	2	2.211230e-04	1.871400e-05	2	false
435           	smoothSolver	1.498840e-05	1.222350e-06	2	1.496980e-05	1.219970e-06	2	2.209330e-04	1.869770e-05	2	false
436           	smoothSolver	1.496380e-05	1.219880e-06	2	1.494830e-05	1.217970e-06	2	2.207390e-04	1.868110e-05	2	false
437           	smoothSolver	1.490530e-05	1.214440e-06	2	1.490970e-05	1.214690e-06	2	2.205400e-04	1.866410e-05	2	false
438           	smoothSolver	1.489360e-05	1.213460e-06	2	1.486750e-05	1.211190e-06	2	2.203310e-04	1.864640e-05	2	false
439           	smoothSolver	1.484270e-05	1.208840e-06	2	1.483770e-05	1.208440e-06	2	2.201250e-04	1.862890e-05	2	false
440           	smoothSolver	1.487040e-05	1.212300e-06	2	1.485760e-05	1.210590e-06	2	2.199310e-04	1.861230e-05	2	false
441           	smoothSolver	1.481170e-05	1.207870e-06	2	1.481070e-05	1.206960e-06	2	2.197440e-04	1.859620e-05	2	false
442           	smoothSolver	1.476620e-05	1.204070e-06	2	1.478330e-05	1.204630e-06	2	2.195450e-04	1.857930e-05	2	false
443           	smoothSolver	1.476680e-05	1.204190e-06	2	1.474850e-05	1.202690e-06	2	2.193370e-04	1.856160e-05	2	false
444           	smoothSolver	1.474290e-05	1.201880e-06	2	1.474800e-05	1.202300e-06	2	2.191330e-04	1.854430e-05	2	false
445           	smoothSolver	1.471810e-05	1.199440e-06	2	1.470850e-05	1.199160e-06	2	2.189390e-04	1.852770e-05	2	false
446           	smoothSolver	1.471190e-05	1.198910e-06	2	1.466520e-05	1.194310e-06	2	2.187470e-04	1.851120e-05	2	false
447           	smoothSolver	1.471330e-05	1.198360e-06	2	1.465210e-05	1.192410e-06	2	2.185420e-04	1.849380e-05	2	false
448           	smoothSolver	1.466000e-05	1.192330e-06	2	1.469340e-05	1.195440e-06	2	2.183380e-04	1.847650e-05	2	false
449           	smoothSolver	1.464580e-05	1.190690e-06	2	1.468540e-05	1.193920e-06	2	2.181550e-04	1.846070e-05	2	false
450           	smoothSolver	1.464880e-05	1.190700e-06	2	1.467040e-05	1.191910e-06	2	2.179530e-04	1.844350e-05	2	false
451           	smoothSolver	1.462870e-05	1.187530e-06	2	1.464840e-05	1.189130e-06	2	2.177550e-04	1.842660e-05	2	false
452           	smoothSolver	1.462030e-05	1.187410e-06	2	1.459870e-05	1.185080e-06	2	2.175590e-04	1.840990e-05	2	false
453           	smoothSolver	1.460750e-05	1.185220e-06	2	1.457830e-05	1.182810e-06	2	2.173550e-04	1.839260e-05	2	false
454           	smoothSolver	1.457760e-05	1.182520e-06	2	1.456700e-05	1.181740e-06	2	2.171600e-04	1.837590e-05	2	false
455           	smoothSolver	1.454340e-05	1.179550e-06	2	1.456760e-05	1.181220e-06	2	2.169520e-04	1.835830e-05	2	false
456           	smoothSolver	1.453810e-05	1.179070e-06	2	1.455650e-05	1.180430e-06	2	2.167730e-04	1.834280e-05	2	false
457           	smoothSolver	1.451160e-05	1.176530e-06	2	1.449230e-05	1.174390e-06	2	2.165750e-04	1.832600e-05	2	false
458           	smoothSolver	1.448920e-05	1.174860e-06	2	1.451680e-05	1.177670e-06	2	2.163730e-04	1.830880e-05	2	false
459           	smoothSolver	1.450360e-05	1.176580e-06	2	1.450310e-05	1.176340e-06	2	2.161750e-04	1.829190e-05	2	false
460           	smoothSolver	1.446100e-05	1.173320e-06	2	1.442770e-05	1.170410e-06	2	2.159830e-04	1.827550e-05	2	false
461           	smoothSolver	1.444820e-05	1.173030e-06	2	1.444260e-05	1.171460e-06	2	2.157720e-04	1.825760e-05	2	false
462           	smoothSolver	1.446660e-05	1.173990e-06	2	1.444950e-05	1.172400e-06	2	2.155800e-04	1.824120e-05	2	false
463           	smoothSolver	1.437660e-05	1.166090e-06	2	1.439810e-05	1.167050e-06	2	2.153970e-04	1.822540e-05	2	false
464           	smoothSolver	1.438560e-05	1.166470e-06	2	1.438340e-05	1.166180e-06	2	2.152040e-04	1.820900e-05	2	false
465           	smoothSolver	1.441090e-05	1.168910e-06	2	1.436400e-05	1.164980e-06	2	2.149960e-04	1.819130e-05	2	false
466           	smoothSolver	1.440980e-05	1.167900e-06	2	1.435460e-05	1.162990e-06	2	2.147870e-04	1.817360e-05	2	false
467           	smoothSolver	1.437530e-05	1.165330e-06	2	1.433280e-05	1.160910e-06	2	2.146090e-04	1.815820e-05	2	false
468           	smoothSolver	1.432440e-05	1.160110e-06	2	1.433560e-05	1.160870e-06	2	2.144300e-04	1.814280e-05	2	false
469           	smoothSolver	1.431760e-05	1.158570e-06	2	1.434610e-05	1.161060e-06	2	2.142210e-04	1.812510e-05	2	false
470           	smoothSolver	1.430790e-05	1.158070e-06	2	1.427950e-05	1.155040e-06	2	2.140150e-04	1.810770e-05	2	false
471           	smoothSolver	1.435980e-05	1.162670e-06	2	1.430100e-05	1.157050e-06	2	2.138020e-04	1.808960e-05	2	false
472           	smoothSolver	1.430080e-05	1.157240e-06	2	1.430020e-05	1.156820e-06	2	2.136290e-04	1.807470e-05	2	false
473           	smoothSolver	1.426810e-05	1.155090e-06	2	1.427450e-05	1.155260e-06	2	2.134550e-04	1.805960e-05	2	false
474           	smoothSolver	1.422820e-05	1.151260e-06	2	1.424690e-05	1.153640e-06	2	2.132410e-04	1.804160e-05	2	false
475           	smoothSolver	1.420780e-05	1.150890e-06	2	1.421080e-05	1.150420e-06	2	2.130350e-04	1.802410e-05	2	false
476           	smoothSolver	1.421690e-05	1.152700e-06	2	1.420880e-05	1.151960e-06	2	2.128340e-04	1.800700e-05	2	false
477           	smoothSolver	1.421000e-05	1.153650e-06	2	1.419640e-05	1.151960e-06	2	2.126580e-04	1.799170e-05	2	false
478           	smoothSolver	1.416930e-05	1.151180e-06	2	1.417660e-05	1.151310e-06	2	2.124660e-04	1.797540e-05	2	false
479           	smoothSolver	1.417340e-05	1.152340e-06	2	1.416570e-05	1.150940e-06	2	2.122770e-04	1.795930e-05	2	false
480           	smoothSolver	1.410310e-05	1.147590e-06	2	1.411810e-05	1.148330e-06	2	2.120830e-04	1.794270e-05	2	false
481           	smoothSolver	1.408290e-05	1.146630e-06	2	1.412030e-05	1.150060e-06	2	2.118780e-04	1.792530e-05	2	false
482           	smoothSolver	1.411150e-05	1.150010e-06	2	1.410140e-05	1.149300e-06	2	2.116790e-04	1.790840e-05	2	false
483           	smoothSolver	1.411060e-05	1.149770e-06	2	1.406880e-05	1.146420e-06	2	2.114830e-04	1.789160e-05	2	false
484           	smoothSolver	1.406070e-05	1.146240e-06	2	1.406570e-05	1.146620e-06	2	2.113010e-04	1.787600e-05	2	false
485           	smoothSolver	1.404680e-05	1.144930e-06	2	1.408390e-05	1.147570e-06	2	2.111080e-04	1.785960e-05	2	false
486           	smoothSolver	1.403670e-05	1.143500e-06	2	1.404450e-05	1.144100e-06	2	2.109200e-04	1.784340e-05	2	false
487           	smoothSolver	1.402570e-05	1.142970e-06	2	1.403920e-05	1.143950e-06	2	2.107220e-04	1.782660e-05	2	false
488           	smoothSolver	1.404680e-05	1.144300e-06	2	1.402090e-05	1.142860e-06	2	2.105160e-04	1.780920e-05	2	false
489           	smoothSolver	1.399210e-05	1.139820e-06	2	1.401370e-05	1.141530e-06	2	2.103220e-04	1.779260e-05	2	false
490           	smoothSolver	1.396230e-05	1.136880e-06	2	1.398920e-05	1.139640e-06	2	2.101330e-04	1.777640e-05	2	false
491           	smoothSolver	1.395960e-05	1.137160e-06	2	1.397000e-05	1.137470e-06	2	2.099460e-04	1.776040e-05	2	false
492           	smoothSolver	1.393160e-05	1.134360e-06	2	1.396670e-05	1.138080e-06	2	2.097600e-04	1.774450e-05	2	false
493           	smoothSolver	1.394820e-05	1.136580e-06	2	1.394000e-05	1.136090e-06	2	2.095790e-04	1.772900e-05	2	false
494           	smoothSolver	1.391220e-05	1.133300e-06	2	1.391810e-05	1.134460e-06	2	2.093660e-04	1.771100e-05	2	false
495           	smoothSolver	1.389420e-05	1.131580e-06	2	1.387740e-05	1.130290e-06	2	2.091670e-04	1.769410e-05	2	false
496           	smoothSolver	1.388690e-05	1.131790e-06	2	1.389230e-05	1.131770e-06	2	2.089750e-04	1.767770e-05	2	false
497           	smoothSolver	1.386860e-05	1.129830e-06	2	1.385020e-05	1.128320e-06	2	2.087920e-04	1.766200e-05	2	false
498           	smoothSolver	1.383370e-05	1.128090e-06	2	1.387230e-05	1.130960e-06	2	2.086030e-04	1.764580e-05	2	false
499           	smoothSolver	1.381530e-05	1.127110e-06	2	1.381790e-05	1.127280e-06	2	2.084060e-04	1.762910e-05	2	false
500           	smoothSolver	1.379700e-05	1.126270e-06	2	1.382500e-05	1.128730e-06	2	2.082180e-04	1.761310e-05	2	false
501           	smoothSolver	1.377890e-05	1.125420e-06	2	1.377140e-05	1.124490e-06	2	2.080270e-04	1.759670e-05	2	false
502           	smoothSolver	1.377670e-05	1.126070e-06	2	1.375970e-05	1.123980e-06	2	2.078270e-04	1.757980e-05	2	false
503           	smoothSolver	1.375020e-05	1.124560e-06	2	1.371870e-05	1.120890e-06	2	2.076480e-04	1.756440e-05	2	false
504           	smoothSolver	1.370840e-05	1.119400e-06	2	1.371600e-05	1.121200e-06	2	2.074490e-04	1.754750e-05	2	false
505           	smoothSolver	1.371890e-05	1.121160e-06	2	1.374850e-05	1.123560e-06	2	2.072590e-04	1.753130e-05	2	false
506           	smoothSolver	1.370960e-05	1.120890e-06	2	1.370540e-05	1.119830e-06	2	2.070740e-04	1.751550e-05	2	false
507           	smoothSolver	1.369090e-05	1.118900e-06	2	1.367380e-05	1.117030e-06	2	2.068830e-04	1.749920e-05	2	false
508           	smoothSolver	1.364030e-05	1.114830e-06	2	1.365590e-05	1.116420e-06	2	2.066790e-04	1.748190e-05	2	false
509           	smoothSolver	1.361260e-05	1.112690e-06	2	1.361690e-05	1.113250e-06	2	2.064850e-04	1.746540e-05	2	false
510           	smoothSolver	1.363360e-05	1.114900e-06	2	1.361350e-05	1.112800e-06	2	2.063080e-04	1.745010e-05	2	false
511           	smoothSolver	1.359320e-05	1.110930e-06	2	1.359940e-05	1.110890e-06	2	2.061160e-04	1.743380e-05	2	false
512           	smoothSolver	1.359690e-05	1.111660e-06	2	1.358380e-05	1.110040e-06	2	2.059320e-04	1.741800e-05	2	false
513           	smoothSolver	1.359980e-05	1.110910e-06	2	1.356530e-05	1.107780e-06	2	2.057340e-04	1.740130e-05	2	false
514           	smoothSolver	1.357000e-05	1.108180e-06	2	1.355840e-05	1.107410e-06	2	2.055420e-04	1.738490e-05	2	false
515           	smoothSolver	1.354300e-05	1.106110e-06	2	1.354370e-05	1.106410e-06	2	2.053490e-04	1.736850e-05	2	false
516           	smoothSolver	1.352350e-05	1.104730e-06	2	1.351000e-05	1.103980e-06	2	2.051630e-04	1.735250e-05	2	false
517           	smoothSolver	1.351770e-05	1.104840e-06	2	1.349800e-05	1.102690e-06	2	2.049730e-04	1.733630e-05	2	false
518           	smoothSolver	1.347160e-05	1.101790e-06	2	1.346530e-05	1.100820e-06	2	2.047850e-04	1.732040e-05	2	false
519           	smoothSolver	1.345000e-05	1.100120e-06	2	1.346310e-05	1.101030e-06	2	2.046020e-04	1.730470e-05	2	false
520           	smoothSolver	1.345220e-05	1.101290e-06	2	1.344720e-05	1.100570e-06	2	2.044130e-04	1.728860e-05	2	false
521           	smoothSolver	1.344350e-05	1.101110e-06	2	1.345640e-05	1.101960e-06	2	2.042220e-04	1.727230e-05	2	false
522           	smoothSolver	1.342960e-05	1.100610e-06	2	1.341940e-05	1.098160e-06	2	2.040140e-04	1.725480e-05	2	false
523           	smoothSolver	1.338910e-05	1.096410e-06	2	1.341550e-05	1.098130e-06	2	2.038330e-04	1.723920e-05	2	false
524           	smoothSolver	1.337350e-05	1.095230e-06	2	1.337630e-05	1.095300e-06	2	2.036540e-04	1.722390e-05	2	false
525           	smoothSolver	1.338950e-05	1.096140e-06	2	1.337860e-05	1.095120e-06	2	2.034630e-04	1.720760e-05	2	false
526           	smoothSolver	1.338250e-05	1.095580e-06	2	1.333610e-05	1.091630e-06	2	2.032800e-04	1.719200e-05	2	false
527           	smoothSolver	1.335100e-05	1.092800e-06	2	1.330980e-05	1.089580e-06	2	2.030820e-04	1.717520e-05	2	false
528           	smoothSolver	1.330140e-05	1.088660e-06	2	1.331770e-05	1.090220e-06	2	2.028910e-04	1.715890e-05	2	false
529           	smoothSolver	1.326150e-05	1.085710e-06	2	1.330160e-05	1.088800e-06	2	2.026950e-04	1.714230e-05	2	false
530           	smoothSolver	1.329390e-05	1.088440e-06	2	1.334250e-05	1.092510e-06	2	2.025170e-04	1.712700e-05	2	false
531           	smoothSolver	1.329520e-05	1.088490e-06	2	1.328150e-05	1.087560e-06	2	2.023390e-04	1.711180e-05	2	false
532           	smoothSolver	1.325040e-05	1.084490e-06	2	1.324290e-05	1.083300e-06	2	2.021590e-04	1.709650e-05	2	false
533           	smoothSolver	1.326210e-05	1.085150e-06	2	1.321850e-05	1.081580e-06	2	2.019500e-04	1.707880e-05	2	false
534           	smoothSolver	1.323040e-05	1.082250e-06	2	1.323280e-05	1.083090e-06	2	2.017570e-04	1.706240e-05	2	false
535           	smoothSolver	1.321410e-05	1.081360e-06	2	1.322210e-05	1.081810e-06	2	2.015760e-04	1.704690e-05	2	false
536           	smoothSolver	1.320640e-05	1.081460e-06	2	1.325620e-05	1.085680e-06	2	2.013930e-04	1.703130e-05	2	false
537           	smoothSolver	1.320510e-05	1.081430e-06	2	1.321220e-05	1.082220e-06	2	2.012100e-04	1.701570e-05	2	false
538           	smoothSolver	1.320850e-05	1.081570e-06	2	1.320920e-05	1.082540e-06	2	2.010170e-04	1.699930e-05	2	false
539           	smoothSolver	1.316570e-05	1.079270e-06	2	1.314940e-05	1.077610e-06	2	2.008220e-04	1.698270e-05	2	false
540           	smoothSolver	1.314060e-05	1.077360e-06	2	1.314240e-05	1.077070e-06	2	2.006510e-04	1.696800e-05	2	false
541           	smoothSolver	1.312030e-05	1.075820e-06	2	1.311320e-05	1.074880e-06	2	2.004530e-04	1.695130e-05	2	false
542           	smoothSolver	1.308690e-05	1.072550e-06	2	1.311160e-05	1.074360e-06	2	2.002540e-04	1.693440e-05	2	false
543           	smoothSolver	1.313750e-05	1.076930e-06	2	1.312110e-05	1.075390e-06	2	2.000810e-04	1.691950e-05	2	false
544           	smoothSolver	1.309910e-05	1.073180e-06	2	1.307140e-05	1.071170e-06	2	1.999000e-04	1.690410e-05	2	false
545           	smoothSolver	1.309080e-05	1.072770e-06	2	1.310470e-05	1.073300e-06	2	1.997180e-04	1.688860e-05	2	false
546           	smoothSolver	1.304970e-05	1.069140e-06	2	1.306000e-05	1.069230e-06	2	1.995240e-04	1.687210e-05	2	false
547           	smoothSolver	1.302810e-05	1.067260e-06	2	1.302570e-05	1.067070e-06	2	1.993320e-04	1.685580e-05	2	false
548           	smoothSolver	1.303120e-05	1.067380e-06	2	1.304130e-05	1.068010e-06	2	1.991370e-04	1.683930e-05	2	false
549           	smoothSolver	1.302520e-05	1.067270e-06	2	1.305320e-05	1.068960e-06	2	1.989640e-04	1.682440e-05	2	false
550           	smoothSolver	1.302770e-05	1.067120e-06	2	1.301160e-05	1.065530e-06	2	1.987840e-04	1.680910e-05	2	false
551           	smoothSolver	1.299510e-05	1.064370e-06	2	1.299700e-05	1.064500e-06	2	1.985910e-04	1.679270e-05	2	false
552           	smoothSolver	1.299200e-05	1.063960e-06	2	1.296660e-05	1.062040e-06	2	1.984140e-04	1.677760e-05	2	false
553           	smoothSolver	1.298430e-05	1.062790e-06	2	1.295720e-05	1.059650e-06	2	1.982220e-04	1.676130e-05	2	false
554           	smoothSolver	1.295130e-05	1.060290e-06	2	1.297640e-05	1.061730e-06	2	1.980260e-04	1.674470e-05	2	false
555           	smoothSolver	1.294400e-05	1.059870e-06	2	1.292620e-05	1.057950e-06	2	1.978410e-04	1.672890e-05	2	false
556           	smoothSolver	1.292210e-05	1.057850e-06	2	1.291220e-05	1.057050e-06	2	1.976690e-04	1.671420e-05	2	false
557           	smoothSolver	1.288130e-05	1.054780e-06	2	1.292030e-05	1.058940e-06	2	1.974860e-04	1.669860e-05	2	false
558           	smoothSolver	1.287860e-05	1.055590e-06	2	1.288200e-05	1.054980e-06	2	1.973000e-04	1.668280e-05	2	false
559           	smoothSolver	1.286830e-05	1.054890e-06	2	1.288330e-05	1.055230e-06	2	1.971050e-04	1.666630e-05	2	false
560           	smoothSolver	1.288840e-05	1.055870e-06	2	1.283730e-05	1.051290e-06	2	1.969150e-04	1.665020e-05	2	false
561           	smoothSolver	1.287060e-05	1.054800e-06	2	1.284870e-05	1.052050e-06	2	1.967360e-04	1.663480e-05	2	false
562           	smoothSolver	1.282400e-05	1.049910e-06	2	1.282030e-05	1.049430e-06	2	1.965640e-04	1.662010e-05	2	false
563           	smoothSolver	1.282590e-05	1.050370e-06	2	1.284650e-05	1.051870e-06	2	1.963710e-04	1.660380e-05	2	false
564           	smoothSolver	1.285130e-05	1.052620e-06	2	1.283300e-05	1.049860e-06	2	1.961840e-04	1.658790e-05	2	false
565           	smoothSolver	1.280710e-05	1.048180e-06	2	1.280190e-05	1.047730e-06	2	1.959980e-04	1.657200e-05	2	false
566           	smoothSolver	1.279220e-05	1.046490e-06	2	1.280940e-05	1.048270e-06	2	1.958050e-04	1.655570e-05	2	false
567           	smoothSolver	1.276680e-05	1.045070e-06	2	1.274330e-05	1.042730e-06	2	1.956330e-04	1.654100e-05	2	false
568           	smoothSolver	1.276490e-05	1.044740e-06	2	1.274740e-05	1.042380e-06	2	1.954570e-04	1.652590e-05	2	false
569           	smoothSolver	1.272160e-05	1.041100e-06	2	1.278220e-05	1.045770e-06	2	1.952670e-04	1.650990e-05	2	false
570           	smoothSolver	1.273310e-05	1.041520e-06	2	1.272840e-05	1.041270e-06	2	1.950680e-04	1.649310e-05	2	false
571           	smoothSolver	1.276660e-05	1.044460e-06	2	1.272040e-05	1.040350e-06	2	1.949000e-04	1.647860e-05	2	false
572           	smoothSolver	1.270870e-05	1.039250e-06	2	1.272290e-05	1.040360e-06	2	1.947240e-04	1.646360e-05	2	false
573           	smoothSolver	1.269430e-05	1.037770e-06	2	1.268840e-05	1.037500e-06	2	1.945230e-04	1.644670e-05	2	false
574           	smoothSolver	1.265660e-05	1.034950e-06	2	1.266620e-05	1.035610e-06	2	1.943460e-04	1.643150e-05	2	false
575           	smoothSolver	1.265300e-05	1.034710e-06	2	1.267650e-05	1.036040e-06	2	1.941710e-04	1.641660e-05	2	false
576           	smoothSolver	1.262910e-05	1.032720e-06	2	1.264180e-05	1.033810e-06	2	1.939790e-04	1.640040e-05	2	false
577           	smoothSolver	1.266620e-05	1.036270e-06	2	1.262740e-05	1.032990e-06	2	1.937980e-04	1.638500e-05	2	false
578           	smoothSolver	1.264430e-05	1.034560e-06	2	1.261730e-05	1.032540e-06	2	1.936140e-04	1.636940e-05	2	false
579           	smoothSolver	1.262770e-05	1.033000e-06	2	1.259550e-05	1.029800e-06	2	1.934290e-04	1.635360e-05	2	false
580           	smoothSolver	1.258460e-05	1.029160e-06	2	1.259500e-05	1.029870e-06	2	1.932490e-04	1.633830e-05	2	false
581           	smoothSolver	1.257080e-05	1.028320e-06	2	1.260300e-05	1.030680e-06	2	1.930680e-04	1.632290e-05	2	false
582           	smoothSolver	1.260310e-05	1.030890e-06	2	1.259490e-05	1.029920e-06	2	1.928820e-04	1.630710e-05	2	false
583           	smoothSolver	1.259090e-05	1.029110e-06	2	1.257760e-05	1.028930e-06	2	1.927060e-04	1.629210e-05	2	false
584           	smoothSolver	1.254830e-05	1.026620e-06	2	1.251690e-05	1.023960e-06	2	1.925140e-04	1.627590e-05	2	false
585           	smoothSolver	1.251860e-05	1.024200e-06	2	1.251690e-05	1.023250e-06	2	1.923270e-04	1.626000e-05	2	false
586           	smoothSolver	1.249880e-05	1.022500e-06	2	1.249650e-05	1.021480e-06	2	1.921530e-04	1.624510e-05	2	false
587           	smoothSolver	1.250850e-05	1.023000e-06	2	1.249300e-05	1.021410e-06	2	1.919790e-04	1.623030e-05	2	false
588           	smoothSolver	1.251120e-05	1.022500e-06	2	1.247590e-05	1.019750e-06	2	1.917960e-04	1.621480e-05	2	false
589           	smoothSolver	1.250010e-05	1.021690e-06	2	1.248600e-05	1.019950e-06	2	1.916130e-04	1.619920e-05	2	false
590           	smoothSolver	1.246600e-05	1.019040e-06	2	1.247610e-05	1.019640e-06	2	1.914280e-04	1.618350e-05	2	false
591           	smoothSolver	1.246100e-05	1.018640e-06	2	1.244060e-05	1.016650e-06	2	1.912450e-04	1.616800e-05	2	false
592           	smoothSolver	1.244990e-05	1.017750e-06	2	1.244880e-05	1.017520e-06	2	1.910570e-04	1.615210e-05	2	false
593           	smoothSolver	1.242000e-05	1.015760e-06	2	1.243150e-05	1.016820e-06	2	1.908800e-04	1.613700e-05	2	false
594           	smoothSolver	1.241990e-05	1.015770e-06	2	1.239330e-05	1.013160e-06	2	1.907090e-04	1.612240e-05	2	false
595           	smoothSolver	1.241140e-05	1.015340e-06	2	1.239310e-05	1.013310e-06	2	1.905290e-04	1.610710e-05	2	false
596           	smoothSolver	1.237700e-05	1.012090e-06	2	1.241100e-05	1.015030e-06	2	1.903420e-04	1.609130e-05	2	false
597           	smoothSolver	1.236490e-05	1.011530e-06	2	1.238020e-05	1.012630e-06	2	1.901560e-04	1.607560e-05	2	false
598           	smoothSolver	1.239820e-05	1.014600e-06	2	1.234990e-05	1.009650e-06	2	1.899730e-04	1.606000e-05	2	false
599           	smoothSolver	1.236100e-05	1.011030e-06	2	1.236330e-05	1.010470e-06	2	1.897930e-04	1.604470e-05	2	false
600           	smoothSolver	1.233880e-05	1.008780e-06	2	1.235560e-05	1.010290e-06	2	1.896140e-04	1.602950e-05	2	false
